2010/08/23,09:14,2925.2,2925.2,2925.2,2925.2,3,3
2010/08/23,09:15,2939.4,2939.4,2933.6,2934.2,28,22
2010/08/23,09:16,2933.4,2935.0,2933.0,2935.0,16,31
2010/08/23,09:17,2935.0,2935.0,2934.2,2934.8,33,60
2010/08/23,09:18,2935.0,2935.0,2934.2,2934.2,10,66
2010/08/23,09:19,2934.0,2934.4,2933.2,2933.2,10,71
2010/08/23,09:20,2933.0,2933.0,2932.0,2932.4,14,78
2010/08/23,09:21,2932.2,2932.2,2931.2,2931.2,10,81
2010/08/23,09:22,2931.4,2932.8,2931.4,2932.8,12,82
2010/08/23,09:23,2933.2,2933.2,2932.2,2932.6,11,80
2010/08/23,09:24,2932.6,2932.6,2932.0,2932.0,7,80
2010/08/23,09:25,2931.6,2933.6,2931.6,2933.0,6,81
2010/08/23,09:27,2933.0,2934.2,2933.0,2934.2,18,94
2010/08/23,09:28,2934.4,2935.0,2934.2,2935.0,12,96
2010/08/23,09:29,2934.8,2934.8,2934.0,2934.8,5,98
2010/08/23,09:30,2933.6,2935.0,2933.6,2935.0,9,101
2010/08/23,09:31,2935.0,2935.0,2934.6,2934.6,6,102
2010/08/23,09:32,2934.6,2934.6,2934.6,2934.6,1,103
2010/08/23,09:33,2933.4,2933.4,2933.0,2933.0,8,101
2010/08/23,09:35,2933.8,2935.6,2933.2,2935.6,6,105
2010/08/23,09:36,2935.8,2942.6,2935.8,2942.0,15,105
2010/08/23,09:37,2942.0,2942.0,2939.6,2939.6,5,106
2010/08/23,09:38,2939.6,2939.6,2938.6,2939.2,7,107
2010/08/23,09:39,2939.2,2939.2,2935.0,2935.0,14,111
2010/08/23,09:40,2934.0,2935.4,2933.6,2935.0,15,115
2010/08/23,09:41,2933.4,2933.4,2933.0,2933.2,7,115
2010/08/23,09:42,2933.2,2933.2,2932.0,2932.0,12,119
2010/08/23,09:43,2932.0,2932.0,2932.0,2932.0,1,120
2010/08/23,09:44,2932.6,2933.8,2932.2,2932.2,9,126
2010/08/23,09:45,2933.8,2935.0,2933.0,2934.8,50,172
2010/08/23,09:46,2933.2,2933.2,2932.2,2932.2,91,260
2010/08/23,09:47,2932.0,2932.2,2930.0,2932.2,24,271
2010/08/23,09:48,2930.2,2935.6,2930.2,2935.6,23,286
2010/08/23,09:49,2935.6,2936.0,2933.8,2935.0,50,296
2010/08/23,09:50,2935.0,2935.0,2935.0,2935.0,32,304
2010/08/23,09:51,2934.0,2934.8,2933.2,2934.0,11,305
2010/08/23,09:52,2934.0,2935.0,2934.0,2935.0,6,306
2010/08/23,09:53,2935.8,2935.8,2934.0,2934.0,2,308
2010/08/23,09:54,2935.6,2938.0,2935.6,2938.0,10,317
2010/08/23,09:55,2937.0,2937.0,2937.0,2937.0,20,325
2010/08/23,09:56,2937.8,2937.8,2937.8,2937.8,1,326
2010/08/23,09:57,2937.8,2938.0,2936.8,2938.0,10,325
2010/08/23,09:58,2938.6,2938.6,2937.0,2937.6,8,330
2010/08/23,09:59,2937.0,2937.2,2936.2,2937.2,8,327
2010/08/23,10:00,2937.8,2941.8,2937.8,2941.8,11,331
2010/08/23,10:01,2940.0,2941.0,2939.2,2941.0,16,334
2010/08/23,10:02,2941.8,2945.2,2941.8,2945.2,22,338
2010/08/23,10:03,2945.2,2946.2,2945.0,2945.0,7,338
2010/08/23,10:04,2945.4,2945.8,2945.0,2945.0,24,341
2010/08/23,10:05,2945.0,2945.4,2943.4,2943.4,13,344
2010/08/23,10:06,2944.6,2946.8,2944.6,2946.8,14,345
2010/08/23,10:07,2944.6,2949.6,2944.6,2948.4,19,353
2010/08/23,10:08,2947.2,2947.8,2944.6,2944.6,14,353
2010/08/23,10:09,2944.6,2944.6,2941.2,2941.8,10,352
2010/08/23,10:10,2941.8,2942.8,2941.8,2942.0,7,349
2010/08/23,10:11,2942.0,2943.2,2941.6,2943.2,4,350
2010/08/23,10:12,2941.4,2941.4,2941.4,2941.4,2,349
2010/08/23,10:13,2942.4,2942.8,2941.2,2941.2,18,354
2010/08/23,10:14,2943.0,2944.6,2943.0,2944.4,13,347
2010/08/23,10:15,2945.0,2945.0,2943.2,2943.2,10,347
2010/08/23,10:16,2943.0,2944.0,2943.0,2943.0,17,345
2010/08/23,10:17,2942.4,2944.0,2942.4,2944.0,37,354
2010/08/23,10:18,2943.8,2947.2,2942.4,2946.8,60,396
2010/08/23,10:19,2945.2,2947.0,2944.4,2944.4,43,426
2010/08/23,10:20,2945.0,2945.0,2941.8,2941.8,7,427
2010/08/23,10:21,2942.6,2942.6,2939.8,2940.0,25,430
2010/08/23,10:22,2940.4,2941.4,2939.8,2939.8,6,426
2010/08/23,10:23,2939.2,2939.8,2937.8,2939.4,14,423
2010/08/23,10:24,2939.4,2939.4,2939.0,2939.0,4,425
2010/08/23,10:25,2939.2,2939.2,2939.0,2939.0,2,425
2010/08/23,10:26,2941.0,2941.0,2937.2,2939.0,8,424
2010/08/23,10:27,2938.2,2939.0,2938.0,2938.6,16,425
2010/08/23,10:28,2937.6,2937.8,2935.2,2935.2,9,424
2010/08/23,10:29,2937.2,2939.8,2937.2,2939.8,6,428
2010/08/23,10:30,2940.0,2940.0,2939.4,2939.4,4,431
2010/08/23,10:31,2940.8,2940.8,2938.0,2938.0,5,430
2010/08/23,10:32,2937.6,2937.6,2933.0,2933.0,22,422
2010/08/23,10:33,2933.0,2934.0,2933.0,2933.8,8,421
2010/08/23,10:34,2933.6,2933.8,2933.6,2933.8,6,422
2010/08/23,10:35,2934.4,2934.8,2934.4,2934.8,2,421
2010/08/23,10:36,2934.2,2934.2,2934.0,2934.0,3,420
2010/08/23,10:37,2933.0,2934.0,2932.0,2934.0,7,418
2010/08/23,10:38,2935.0,2935.0,2935.0,2935.0,5,418
2010/08/23,10:39,2933.2,2933.2,2933.2,2933.2,1,418
2010/08/23,10:40,2933.2,2935.6,2933.2,2935.6,8,417
2010/08/23,10:41,2934.4,2934.4,2934.4,2934.4,1,416
2010/08/23,10:42,2932.8,2934.6,2931.6,2931.6,26,423
2010/08/23,10:43,2931.2,2935.8,2931.2,2934.6,6,424
2010/08/23,10:44,2936.6,2936.8,2936.6,2936.8,3,424
2010/08/23,10:45,2935.2,2935.8,2934.0,2934.0,5,423
2010/08/23,10:46,2934.2,2934.8,2934.2,2934.8,2,425
2010/08/23,10:47,2934.8,2935.6,2934.8,2935.6,3,423
2010/08/23,10:48,2935.0,2935.0,2934.8,2934.8,2,423
2010/08/23,10:49,2934.0,2934.0,2933.8,2933.8,3,421
2010/08/23,10:50,2934.0,2934.0,2929.0,2931.0,26,420
2010/08/23,10:51,2929.8,2933.0,2929.8,2933.0,4,421
2010/08/23,10:52,2933.0,2935.4,2933.0,2935.0,11,422
2010/08/23,10:53,2935.0,2935.0,2935.0,2935.0,3,423
2010/08/23,10:55,2932.0,2932.0,2931.8,2931.8,2,421
2010/08/23,10:56,2932.0,2935.0,2932.0,2935.0,7,424
2010/08/23,10:57,2934.2,2934.2,2934.0,2934.0,3,423
2010/08/23,10:58,2933.6,2933.6,2933.6,2933.6,1,423
2010/08/23,10:59,2932.2,2932.2,2929.0,2930.0,15,423
2010/08/23,11:00,2930.8,2930.8,2928.0,2929.8,11,426
2010/08/23,11:01,2928.6,2931.0,2928.6,2929.8,10,426
2010/08/23,11:02,2929.6,2933.4,2929.6,2930.0,14,421
2010/08/23,11:03,2931.2,2931.2,2931.2,2931.2,4,421
2010/08/23,11:04,2931.2,2931.8,2931.2,2931.8,2,422
2010/08/23,11:05,2931.8,2932.0,2930.8,2930.8,6,421
2010/08/23,11:06,2931.6,2931.6,2928.2,2929.8,3,421
2010/08/23,11:07,2930.0,2931.8,2927.2,2927.2,7,419
2010/08/23,11:08,2928.8,2933.8,2928.8,2933.0,20,427
2010/08/23,11:09,2934.0,2941.4,2934.0,2941.4,67,455
2010/08/23,11:10,2941.8,2941.8,2939.2,2939.2,7,455
2010/08/23,11:11,2938.8,2939.4,2938.8,2939.4,2,453
2010/08/23,11:12,2939.4,2939.4,2938.6,2938.6,5,457
2010/08/23,11:13,2938.0,2939.0,2938.0,2939.0,11,462
2010/08/23,11:14,2937.4,2937.8,2934.4,2935.6,15,461
2010/08/23,11:15,2934.2,2936.4,2934.2,2936.4,8,465
2010/08/23,11:16,2936.4,2936.4,2936.0,2936.0,5,467
2010/08/23,11:17,2934.6,2938.8,2934.6,2938.8,5,467
2010/08/23,11:18,2936.6,2939.6,2936.6,2939.6,5,466
2010/08/23,11:19,2939.6,2939.6,2936.4,2937.6,44,499
2010/08/23,11:20,2937.6,2938.8,2937.2,2937.2,38,533
2010/08/23,11:21,2936.8,2938.8,2936.8,2937.4,24,553
2010/08/23,11:22,2938.0,2938.0,2937.0,2937.0,4,554
2010/08/23,11:23,2938.0,2938.6,2938.0,2938.6,3,556
2010/08/23,11:24,2938.6,2942.8,2937.6,2937.6,29,565
2010/08/23,11:25,2934.6,2936.8,2934.2,2936.0,9,565
2010/08/23,11:27,2934.0,2934.0,2931.8,2932.4,13,566
2010/08/23,11:28,2933.0,2933.0,2933.0,2933.0,1,567
2010/08/23,11:29,2933.2,2933.6,2933.2,2933.6,2,568
2010/08/23,13:00,2933.6,2934.4,2933.0,2934.4,5,567
2010/08/23,13:01,2934.0,2934.0,2933.8,2933.8,2,568
2010/08/23,13:02,2934.4,2934.4,2934.4,2934.4,1,568
2010/08/23,13:03,2932.6,2932.6,2932.4,2932.4,6,573
2010/08/23,13:04,2933.0,2933.4,2933.0,2933.2,3,572
2010/08/23,13:05,2933.0,2934.4,2933.0,2934.4,3,573
2010/08/23,13:06,2934.0,2934.0,2934.0,2934.0,2,571
2010/08/23,13:08,2935.8,2935.8,2934.4,2934.4,5,571
2010/08/23,13:09,2933.4,2933.4,2933.0,2933.0,2,570
2010/08/23,13:10,2933.6,2933.6,2932.0,2932.0,5,566
2010/08/23,13:11,2932.8,2932.8,2929.8,2930.0,26,568
2010/08/23,13:12,2930.0,2932.0,2930.0,2931.6,8,573
2010/08/23,13:13,2931.6,2931.6,2930.0,2930.0,4,573
2010/08/23,13:14,2930.0,2930.4,2930.0,2930.4,3,575
2010/08/23,13:15,2932.0,2933.0,2932.0,2933.0,3,575
2010/08/23,13:16,2932.8,2935.2,2932.0,2935.2,5,579
2010/08/23,13:17,2934.8,2935.0,2933.8,2935.0,6,580
2010/08/23,13:18,2934.4,2934.4,2934.4,2934.4,2,582
2010/08/23,13:19,2934.4,2934.6,2934.0,2934.6,5,585
2010/08/23,13:20,2935.4,2935.4,2935.4,2935.4,1,584
2010/08/23,13:21,2936.0,2936.0,2934.0,2934.0,7,585
2010/08/23,13:22,2935.8,2937.6,2935.0,2937.6,5,586
2010/08/23,13:23,2934.4,2934.4,2934.2,2934.2,2,586
2010/08/23,13:24,2935.2,2935.2,2932.8,2932.8,8,584
2010/08/23,13:25,2932.8,2933.6,2932.8,2933.6,5,585
2010/08/23,13:26,2932.8,2932.8,2932.8,2932.8,3,585
2010/08/23,13:27,2932.0,2932.0,2929.2,2929.2,26,579
2010/08/23,13:28,2929.2,2930.4,2929.2,2930.4,2,581
2010/08/23,13:29,2930.8,2934.4,2928.6,2930.4,54,616
2010/08/23,13:30,2928.4,2929.8,2928.2,2928.4,48,652
2010/08/23,13:31,2929.4,2929.4,2929.4,2929.4,3,653
2010/08/23,13:32,2929.4,2929.4,2928.0,2928.0,90,735
2010/08/23,13:33,2927.0,2928.6,2927.0,2928.4,8,736
2010/08/23,13:34,2928.8,2930.4,2928.8,2928.8,4,736
2010/08/23,13:35,2929.4,2929.4,2929.2,2929.2,3,734
2010/08/23,13:36,2928.0,2930.0,2928.0,2929.6,6,735
2010/08/23,13:37,2928.0,2929.0,2922.2,2923.0,28,722
2010/08/23,13:38,2924.4,2926.6,2924.4,2925.6,9,718
2010/08/23,13:39,2924.6,2924.6,2923.0,2923.6,13,723
2010/08/23,13:40,2923.6,2924.4,2923.0,2923.0,9,723
2010/08/23,13:41,2924.0,2924.8,2924.0,2924.0,14,727
2010/08/23,13:42,2924.8,2928.0,2924.8,2928.0,10,729
2010/08/23,13:43,2927.0,2928.6,2926.8,2928.6,5,731
2010/08/23,13:44,2928.0,2929.4,2928.0,2929.4,6,732
2010/08/23,13:45,2928.0,2928.0,2927.2,2927.2,4,732
2010/08/23,13:46,2927.2,2929.2,2927.2,2929.2,5,732
2010/08/23,13:47,2929.0,2929.0,2928.0,2928.0,2,733
2010/08/23,13:48,2927.4,2928.0,2927.4,2928.0,3,732
2010/08/23,13:49,2929.2,2930.0,2928.0,2928.0,38,764
2010/08/23,13:50,2929.4,2929.4,2927.2,2927.2,7,768
2010/08/23,13:51,2927.8,2928.2,2927.6,2928.2,7,770
2010/08/23,13:52,2927.4,2927.4,2927.4,2927.4,1,769
2010/08/23,13:53,2928.2,2929.4,2927.4,2927.4,11,772
2010/08/23,13:54,2927.8,2927.8,2926.0,2926.0,14,770
2010/08/23,13:55,2929.0,2929.8,2928.2,2929.8,5,768
2010/08/23,13:56,2929.8,2930.0,2927.8,2930.0,10,770
2010/08/23,13:57,2930.6,2931.0,2928.8,2931.0,32,782
2010/08/23,13:58,2930.2,2934.0,2930.2,2934.0,12,782
2010/08/23,13:59,2934.8,2935.0,2932.0,2935.0,47,802
2010/08/23,14:00,2935.0,2935.0,2934.2,2934.6,7,804
2010/08/23,14:01,2934.6,2934.6,2933.4,2934.0,7,806
2010/08/23,14:02,2934.6,2936.0,2934.6,2935.2,8,806
2010/08/23,14:03,2934.0,2934.6,2933.2,2933.2,7,805
2010/08/23,14:04,2932.2,2933.4,2932.2,2933.4,7,805
2010/08/23,14:06,2933.0,2933.0,2932.2,2932.2,6,805
2010/08/23,14:07,2932.6,2932.6,2932.6,2932.6,3,806
2010/08/23,14:08,2932.4,2932.4,2932.0,2932.0,3,806
2010/08/23,14:09,2932.4,2932.4,2931.2,2931.6,6,808
2010/08/23,14:10,2932.8,2933.0,2932.8,2933.0,3,810
2010/08/23,14:11,2931.6,2931.6,2931.6,2931.6,1,810
2010/08/23,14:12,2933.0,2933.0,2932.0,2933.0,7,816
2010/08/23,14:13,2933.0,2933.0,2931.0,2931.0,6,815
2010/08/23,14:14,2931.0,2932.6,2931.0,2931.0,6,814
2010/08/23,14:15,2930.8,2930.8,2930.2,2930.2,12,815
2010/08/23,14:16,2931.8,2933.2,2931.8,2933.2,3,813
2010/08/23,14:17,2932.4,2933.8,2932.4,2933.8,4,813
2010/08/23,14:18,2933.8,2933.8,2933.8,2933.8,2,813
2010/08/23,14:19,2932.4,2933.4,2930.0,2933.4,6,815
2010/08/23,14:20,2933.8,2935.8,2933.8,2935.0,11,819
2010/08/23,14:21,2932.0,2932.0,2931.0,2931.0,4,816
2010/08/23,14:22,2931.0,2931.0,2926.0,2926.0,30,805
2010/08/23,14:23,2926.0,2928.2,2926.0,2927.2,8,806
2010/08/23,14:24,2927.2,2927.4,2926.6,2926.6,4,810
2010/08/23,14:25,2927.8,2927.8,2926.2,2926.2,6,812
2010/08/23,14:26,2926.6,2926.6,2925.8,2925.8,12,812
2010/08/23,14:27,2924.0,2926.0,2924.0,2926.0,14,809
2010/08/23,14:28,2926.0,2926.0,2925.8,2926.0,6,813
2010/08/23,14:29,2927.0,2927.0,2925.6,2926.0,6,812
2010/08/23,14:30,2926.8,2926.8,2925.2,2926.0,8,813
2010/08/23,14:31,2926.0,2927.4,2925.0,2925.0,11,812
2010/08/23,14:32,2925.0,2925.0,2925.0,2925.0,1,811
2010/08/23,14:33,2926.0,2926.4,2923.8,2923.8,8,814
2010/08/23,14:34,2923.8,2924.2,2922.0,2922.0,20,807
2010/08/23,14:35,2924.0,2924.0,2922.0,2922.2,9,808
2010/08/23,14:36,2922.8,2923.8,2922.8,2923.8,2,808
2010/08/23,14:37,2923.0,2923.0,2916.0,2918.0,34,805
2010/08/23,14:38,2916.6,2917.8,2913.0,2913.0,22,812
2010/08/23,14:39,2912.2,2912.2,2909.8,2910.0,17,813
2010/08/23,14:40,2909.8,2913.4,2909.6,2912.4,15,811
2010/08/23,14:41,2913.0,2914.0,2913.0,2913.4,19,808
2010/08/23,14:42,2913.2,2914.0,2913.0,2914.0,19,818
2010/08/23,14:43,2914.0,2917.6,2914.0,2916.4,64,777
2010/08/23,14:44,2917.0,2917.0,2915.2,2915.2,21,776
2010/08/23,14:45,2915.2,2915.2,2912.6,2915.2,75,837
2010/08/23,14:46,2915.2,2916.6,2915.2,2915.6,39,870
2010/08/23,14:47,2915.2,2915.2,2914.4,2914.8,6,871
2010/08/23,14:48,2916.6,2916.6,2915.4,2915.8,6,871
2010/08/23,14:49,2915.4,2916.0,2915.2,2916.0,6,870
2010/08/23,14:50,2915.8,2916.0,2915.8,2916.0,3,870
2010/08/23,14:51,2916.0,2918.0,2916.0,2918.0,9,870
2010/08/23,14:52,2917.6,2918.2,2917.0,2917.0,10,873
2010/08/23,14:53,2916.6,2916.6,2916.0,2916.0,9,876
2010/08/23,14:54,2915.6,2916.0,2915.6,2916.0,15,890
2010/08/23,14:55,2916.6,2918.4,2916.6,2918.4,3,889
2010/08/23,14:56,2917.8,2917.8,2917.2,2917.2,4,888
2010/08/23,14:57,2917.6,2918.0,2917.6,2918.0,8,886
2010/08/23,14:58,2918.4,2918.4,2917.8,2918.0,8,884
2010/08/23,14:59,2919.0,2919.0,2918.2,2918.2,12,882
2010/08/23,15:00,2917.8,2918.4,2917.6,2918.4,7,879
2010/08/23,15:01,2918.6,2918.6,2918.6,2918.6,1,878
2010/08/23,15:02,2918.2,2918.6,2917.8,2918.6,32,878
2010/08/23,15:03,2918.0,2919.0,2918.0,2918.8,32,879
2010/08/23,15:04,2919.0,2919.0,2918.6,2918.8,36,881
2010/08/23,15:05,2918.8,2919.0,2918.8,2919.0,64,888
2010/08/23,15:06,2918.8,2918.8,2918.8,2918.8,15,891
2010/08/23,15:07,2918.6,2918.6,2918.0,2918.0,12,889
2010/08/23,15:08,2918.4,2918.4,2918.0,2918.0,3,889
2010/08/23,15:09,2918.2,2918.6,2918.2,2918.2,3,886
2010/08/23,15:10,2918.0,2918.0,2918.0,2918.0,3,883
2010/08/23,15:11,2918.6,2918.8,2918.0,2918.0,4,880
2010/08/23,15:12,2917.6,2918.4,2917.6,2918.4,3,881
2010/08/23,15:13,2918.0,2918.0,2917.6,2917.6,4,879
2010/08/23,15:14,2917.8,2918.0,2917.2,2918.0,6,874
2010/08/24,09:14,2918.8,2918.8,2918.8,2918.8,1,874
2010/08/24,09:15,2917.0,2917.0,2912.8,2914.4,15,881
2010/08/24,09:16,2913.2,2915.4,2913.0,2915.4,7,882
2010/08/24,09:17,2914.4,2915.6,2914.4,2915.0,6,882
2010/08/24,09:18,2914.8,2915.0,2914.8,2915.0,4,881
2010/08/24,09:19,2914.8,2914.8,2914.0,2914.0,3,879
2010/08/24,09:20,2914.4,2914.4,2914.2,2914.2,2,880
2010/08/24,09:21,2914.0,2915.0,2914.0,2915.0,3,880
2010/08/24,09:24,2915.0,2915.0,2915.0,2915.0,2,882
2010/08/24,09:25,2915.0,2916.2,2914.4,2916.2,18,887
2010/08/24,09:26,2916.0,2916.2,2913.4,2913.4,47,892
2010/08/24,09:27,2915.0,2915.0,2915.0,2915.0,1,892
2010/08/24,09:28,2915.0,2915.0,2915.0,2915.0,1,893
2010/08/24,09:30,2913.4,2914.4,2913.0,2914.4,13,895
2010/08/24,09:31,2913.6,2913.6,2912.8,2912.8,2,897
2010/08/24,09:32,2912.8,2912.8,2910.6,2911.4,4,896
2010/08/24,09:33,2912.0,2912.4,2912.0,2912.2,4,899
2010/08/24,09:34,2912.0,2914.4,2912.0,2913.2,9,906
2010/08/24,09:36,2914.6,2915.2,2913.8,2915.2,7,908
2010/08/24,09:37,2915.2,2915.2,2913.2,2913.2,7,907
2010/08/24,09:38,2915.0,2915.0,2915.0,2915.0,1,907
2010/08/24,09:39,2913.6,2913.6,2902.8,2902.8,71,909
2010/08/24,09:40,2902.8,2905.6,2897.6,2897.8,43,905
2010/08/24,09:41,2897.6,2900.2,2897.4,2900.0,37,903
2010/08/24,09:42,2898.0,2898.0,2896.0,2897.2,36,899
2010/08/24,09:43,2896.8,2898.0,2895.6,2895.6,5,899
2010/08/24,09:44,2890.0,2898.0,2890.0,2897.8,22,901
2010/08/24,09:45,2897.2,2897.6,2896.0,2897.0,36,892
2010/08/24,09:46,2896.4,2897.4,2896.0,2896.0,31,882
2010/08/24,09:47,2894.6,2896.6,2891.4,2892.8,15,882
2010/08/24,09:48,2894.0,2896.0,2893.4,2896.0,8,883
2010/08/24,09:49,2895.6,2897.8,2895.2,2895.2,23,882
2010/08/24,09:50,2895.0,2895.2,2887.4,2887.4,14,882
2010/08/24,09:51,2889.6,2918.8,2889.6,2894.0,34,897
2010/08/24,09:52,2895.2,2898.4,2895.2,2898.0,10,897
2010/08/24,09:53,2898.0,2898.0,2896.2,2897.2,17,896
2010/08/24,09:54,2897.6,2898.0,2896.6,2898.0,6,897
2010/08/24,09:55,2898.0,2898.4,2897.2,2897.2,9,899
2010/08/24,09:56,2899.0,2899.8,2897.6,2899.8,15,900
2010/08/24,09:57,2898.4,2898.4,2898.0,2898.0,7,901
2010/08/24,09:58,2897.2,2897.2,2897.2,2897.2,1,901
2010/08/24,09:59,2897.4,2897.4,2897.2,2897.2,4,904
2010/08/24,10:01,2897.2,2897.2,2895.4,2896.0,13,910
2010/08/24,10:02,2897.4,2897.4,2896.8,2897.2,4,910
2010/08/24,10:03,2897.0,2897.2,2896.4,2897.2,4,911
2010/08/24,10:04,2896.8,2896.8,2894.4,2895.2,11,915
2010/08/24,10:05,2894.0,2894.8,2892.6,2894.8,10,915
2010/08/24,10:06,2893.6,2896.6,2893.6,2895.8,3,914
2010/08/24,10:07,2898.0,2898.0,2896.0,2896.0,6,912
2010/08/24,10:08,2896.4,2898.0,2896.4,2898.0,5,913
2010/08/24,10:09,2896.4,2896.8,2896.2,2896.8,7,916
2010/08/24,10:10,2896.2,2897.2,2896.2,2897.2,2,917
2010/08/24,10:11,2897.2,2898.2,2897.0,2898.0,11,919
2010/08/24,10:12,2899.0,2900.0,2899.0,2900.0,14,911
2010/08/24,10:13,2900.0,2900.0,2899.0,2899.0,4,912
2010/08/24,10:14,2901.4,2901.4,2899.0,2899.0,13,916
2010/08/24,10:15,2899.4,2901.4,2899.4,2901.4,7,917
2010/08/24,10:16,2900.4,2907.8,2900.4,2907.8,19,919
2010/08/24,10:17,2904.2,2906.0,2900.4,2903.0,84,883
2010/08/24,10:18,2903.8,2906.0,2903.8,2904.2,62,852
2010/08/24,10:19,2903.0,2904.6,2902.6,2902.6,14,849
2010/08/24,10:20,2902.2,2902.2,2900.2,2901.6,9,850
2010/08/24,10:21,2901.6,2901.8,2900.6,2900.6,3,852
2010/08/24,10:22,2900.8,2901.0,2900.4,2900.4,13,851
2010/08/24,10:23,2900.4,2900.4,2899.2,2899.2,6,851
2010/08/24,10:24,2899.2,2899.2,2898.8,2899.0,20,853
2010/08/24,10:25,2899.6,2901.0,2896.4,2900.0,27,862
2010/08/24,10:26,2900.0,2900.2,2899.8,2899.8,11,864
2010/08/24,10:27,2899.4,2902.6,2899.4,2901.4,14,865
2010/08/24,10:28,2900.6,2903.6,2900.6,2902.0,12,864
2010/08/24,10:29,2902.4,2905.6,2902.0,2905.6,19,865
2010/08/24,10:30,2904.4,2904.4,2903.6,2904.2,5,861
2010/08/24,10:31,2903.2,2903.2,2903.2,2903.2,2,861
2010/08/24,10:32,2902.2,2902.2,2900.2,2900.2,8,865
2010/08/24,10:33,2900.2,2901.0,2897.2,2897.2,27,873
2010/08/24,10:34,2897.4,2898.0,2896.6,2897.0,13,873
2010/08/24,10:35,2896.6,2897.6,2895.2,2895.2,15,878
2010/08/24,10:36,2896.4,2897.6,2896.4,2897.6,5,882
2010/08/24,10:37,2897.2,2899.0,2897.2,2899.0,8,880
2010/08/24,10:38,2898.6,2899.6,2898.2,2899.6,43,876
2010/08/24,10:39,2899.0,2907.0,2899.0,2907.0,27,873
2010/08/24,10:40,2907.2,2913.0,2907.0,2912.4,49,871
2010/08/24,10:41,2912.4,2912.4,2909.4,2912.0,18,866
2010/08/24,10:42,2910.6,2912.0,2910.4,2910.4,11,867
2010/08/24,10:43,2911.4,2918.0,2911.4,2917.8,32,865
2010/08/24,10:44,2915.4,2915.6,2912.4,2912.4,8,863
2010/08/24,10:45,2912.2,2912.4,2910.4,2912.0,27,873
2010/08/24,10:46,2911.0,2913.0,2910.6,2913.0,33,887
2010/08/24,10:47,2913.0,2915.0,2912.0,2913.0,32,902
2010/08/24,10:48,2913.0,2913.0,2911.2,2913.0,32,929
2010/08/24,10:49,2912.2,2914.6,2912.0,2914.6,9,926
2010/08/24,10:50,2912.6,2912.6,2911.0,2911.0,5,924
2010/08/24,10:51,2912.0,2914.6,2911.4,2911.4,7,927
2010/08/24,10:52,2911.6,2912.2,2911.0,2912.0,6,926
2010/08/24,10:53,2912.0,2915.4,2911.6,2914.8,37,937
2010/08/24,10:54,2915.0,2915.0,2912.0,2912.0,7,935
2010/08/24,10:55,2914.8,2917.8,2914.0,2915.2,15,933
2010/08/24,10:56,2912.4,2916.8,2912.4,2915.8,52,940
2010/08/24,10:57,2914.0,2917.0,2914.0,2916.0,10,940
2010/08/24,10:58,2916.4,2918.4,2916.0,2917.4,12,932
2010/08/24,10:59,2918.0,2918.0,2915.4,2918.0,11,934
2010/08/24,11:00,2918.2,2921.6,2917.0,2921.6,8,937
2010/08/24,11:01,2922.4,2922.4,2919.8,2921.0,24,951
2010/08/24,11:02,2920.8,2921.2,2919.2,2919.2,19,946
2010/08/24,11:03,2922.4,2924.6,2920.2,2924.6,8,946
2010/08/24,11:04,2921.6,2934.8,2921.6,2933.4,63,963
2010/08/24,11:05,2930.0,2937.4,2930.0,2937.4,57,955
2010/08/24,11:06,2936.2,2936.4,2933.6,2935.8,41,949
2010/08/24,11:07,2935.4,2937.2,2934.6,2934.6,19,946
2010/08/24,11:08,2935.4,2938.0,2934.2,2935.4,90,938
2010/08/24,11:09,2935.0,2937.6,2935.0,2935.2,96,910
2010/08/24,11:10,2934.4,2937.0,2933.6,2937.0,82,887
2010/08/24,11:11,2937.0,2937.0,2934.0,2936.2,102,943
2010/08/24,11:12,2936.2,2937.4,2935.2,2936.0,79,981
2010/08/24,11:13,2935.6,2936.4,2933.2,2935.2,48,1008
2010/08/24,11:14,2933.6,2935.6,2933.4,2933.4,29,1014
2010/08/24,11:15,2933.6,2934.4,2933.0,2933.2,12,1011
2010/08/24,11:16,2933.2,2937.6,2933.2,2937.6,23,998
2010/08/24,11:17,2939.0,2949.0,2939.0,2946.8,71,1008
2010/08/24,11:18,2946.8,2949.4,2945.0,2948.2,23,1005
2010/08/24,11:19,2948.2,2949.8,2947.0,2949.4,38,1023
2010/08/24,11:20,2950.6,2957.0,2949.4,2957.0,56,1035
2010/08/24,11:21,2957.8,2964.2,2957.0,2964.0,129,1022
2010/08/24,11:22,2962.4,2973.2,2962.4,2970.0,159,996
2010/08/24,11:23,2970.0,2970.0,2964.4,2966.0,51,1000
2010/08/24,11:24,2966.0,2966.0,2963.0,2964.6,29,994
2010/08/24,11:25,2964.8,2967.0,2964.8,2966.0,134,999
2010/08/24,11:26,2965.6,2972.0,2965.2,2970.8,74,1017
2010/08/24,11:27,2970.0,2970.0,2964.6,2967.0,32,1017
2010/08/24,11:28,2966.2,2969.0,2963.8,2966.0,13,1012
2010/08/24,11:29,2968.8,2968.8,2968.8,2968.8,1,1012
2010/08/24,13:00,2969.8,2969.8,2965.2,2965.2,23,1017
2010/08/24,13:01,2965.8,2966.0,2965.8,2965.8,6,1017
2010/08/24,13:02,2965.4,2965.6,2963.6,2963.6,15,1016
2010/08/24,13:03,2963.6,2964.0,2962.8,2964.0,12,1018
2010/08/24,13:04,2964.0,2967.0,2964.0,2966.2,14,1013
2010/08/24,13:05,2966.0,2966.0,2964.8,2965.0,7,1012
2010/08/24,13:06,2965.8,2966.0,2965.0,2965.0,12,1010
2010/08/24,13:07,2965.4,2966.0,2964.6,2965.2,10,1013
2010/08/24,13:08,2966.0,2971.0,2966.0,2970.2,41,1012
2010/08/24,13:09,2969.6,2969.6,2965.0,2965.0,13,1014
2010/08/24,13:10,2966.2,2966.2,2965.0,2965.0,3,1015
2010/08/24,13:11,2964.8,2966.4,2964.8,2965.2,10,1013
2010/08/24,13:12,2966.0,2967.4,2965.0,2965.0,12,1013
2010/08/24,13:13,2966.0,2966.0,2966.0,2966.0,2,1014
2010/08/24,13:14,2966.2,2967.0,2966.0,2966.6,21,1005
2010/08/24,13:15,2966.6,2971.2,2966.4,2971.2,52,1003
2010/08/24,13:16,2971.2,2971.2,2966.0,2966.8,43,1001
2010/08/24,13:17,2965.0,2966.8,2964.0,2965.0,24,1003
2010/08/24,13:18,2965.4,2965.8,2964.8,2964.8,3,1006
2010/08/24,13:19,2968.0,2968.0,2963.0,2963.0,20,1006
2010/08/24,13:20,2961.6,2963.2,2961.0,2963.0,34,1009
2010/08/24,13:21,2963.2,2964.2,2962.0,2963.4,23,1012
2010/08/24,13:22,2963.0,2963.0,2962.8,2962.8,13,1013
2010/08/24,13:23,2962.6,2963.8,2961.0,2961.0,20,1013
2010/08/24,13:24,2961.0,2963.6,2959.8,2959.8,17,1016
2010/08/24,13:25,2960.8,2961.4,2959.0,2959.8,24,1024
2010/08/24,13:26,2959.0,2960.4,2958.4,2958.6,15,1024
2010/08/24,13:27,2958.4,2958.6,2957.6,2957.6,19,1030
2010/08/24,13:28,2956.0,2958.0,2954.0,2955.6,55,1004
2010/08/24,13:29,2955.2,2955.2,2953.2,2955.0,183,924
2010/08/24,13:30,2954.8,2955.0,2952.4,2953.0,33,907
2010/08/24,13:31,2953.0,2957.0,2953.0,2955.8,19,909
2010/08/24,13:32,2955.8,2956.8,2955.0,2955.4,23,909
2010/08/24,13:33,2952.6,2953.0,2945.2,2946.0,21,902
2010/08/24,13:34,2947.6,2947.6,2944.8,2944.8,19,899
2010/08/24,13:35,2945.6,2947.0,2945.6,2947.0,10,895
2010/08/24,13:36,2946.4,2949.2,2946.2,2949.2,18,902
2010/08/24,13:37,2948.0,2949.2,2946.6,2947.6,12,896
2010/08/24,13:38,2948.0,2949.2,2948.0,2948.6,6,895
2010/08/24,13:39,2949.4,2949.4,2948.0,2948.0,5,893
2010/08/24,13:40,2949.2,2952.0,2948.4,2952.0,27,889
2010/08/24,13:41,2951.0,2951.0,2949.8,2950.8,25,890
2010/08/24,13:42,2950.2,2952.0,2950.2,2950.6,20,888
2010/08/24,13:43,2950.0,2951.0,2949.6,2949.6,7,890
2010/08/24,13:44,2949.4,2950.0,2945.0,2945.2,106,935
2010/08/24,13:45,2945.4,2949.6,2945.4,2949.4,17,934
2010/08/24,13:46,2948.8,2949.6,2948.8,2949.6,2,935
2010/08/24,13:47,2948.8,2949.8,2948.8,2949.8,6,935
2010/08/24,13:48,2948.6,2948.6,2946.6,2946.6,4,933
2010/08/24,13:49,2947.6,2947.6,2945.0,2945.0,14,939
2010/08/24,13:50,2946.6,2947.6,2944.0,2944.0,23,945
2010/08/24,13:51,2944.2,2945.0,2943.2,2945.0,22,956
2010/08/24,13:52,2945.0,2947.0,2945.0,2946.2,7,951
2010/08/24,13:53,2946.4,2950.0,2946.4,2949.6,7,948
2010/08/24,13:54,2949.2,2949.2,2946.4,2947.2,6,946
2010/08/24,13:55,2948.2,2948.8,2947.2,2947.2,6,944
2010/08/24,13:56,2948.8,2951.0,2948.2,2951.0,29,926
2010/08/24,13:57,2951.0,2953.6,2950.0,2950.0,17,936
2010/08/24,13:58,2951.4,2951.4,2948.0,2949.6,9,935
2010/08/24,13:59,2949.2,2950.6,2949.0,2949.0,4,934
2010/08/24,14:00,2950.0,2950.0,2949.0,2949.0,3,935
2010/08/24,14:01,2949.2,2949.2,2947.0,2947.0,16,937
2010/08/24,14:02,2946.2,2946.2,2942.8,2942.8,11,935
2010/08/24,14:03,2942.8,2946.2,2942.8,2946.2,20,934
2010/08/24,14:04,2944.6,2944.6,2944.4,2944.4,5,933
2010/08/24,14:05,2943.6,2944.0,2943.6,2944.0,8,934
2010/08/24,14:06,2944.0,2948.8,2942.6,2948.8,13,938
2010/08/24,14:07,2945.6,2950.6,2945.6,2950.0,6,936
2010/08/24,14:08,2949.4,2949.4,2949.4,2949.4,1,935
2010/08/24,14:09,2948.2,2948.2,2948.2,2948.2,1,936
2010/08/24,14:10,2947.2,2949.8,2947.2,2949.8,3,936
2010/08/24,14:11,2947.2,2950.0,2947.2,2949.6,8,935
2010/08/24,14:12,2950.0,2953.6,2950.0,2953.0,21,931
2010/08/24,14:13,2952.2,2952.6,2950.4,2950.4,10,931
2010/08/24,14:14,2951.2,2952.6,2951.2,2952.6,4,931
2010/08/24,14:15,2953.8,2959.0,2953.8,2955.8,107,893
2010/08/24,14:16,2955.0,2955.4,2955.0,2955.0,48,877
2010/08/24,14:17,2955.0,2957.0,2955.0,2957.0,5,875
2010/08/24,14:18,2956.8,2956.8,2953.4,2953.4,7,871
2010/08/24,14:19,2953.6,2954.6,2953.2,2953.2,4,871
2010/08/24,14:20,2952.8,2954.6,2952.8,2954.6,8,869
2010/08/24,14:21,2954.6,2954.6,2953.0,2953.2,5,869
2010/08/24,14:22,2952.6,2952.6,2946.0,2946.8,28,858
2010/08/24,14:23,2948.2,2948.2,2946.2,2946.4,6,855
2010/08/24,14:24,2945.0,2946.2,2942.4,2942.4,21,850
2010/08/24,14:25,2941.4,2945.0,2941.4,2945.0,12,851
2010/08/24,14:26,2944.4,2944.4,2942.4,2943.0,9,852
2010/08/24,14:27,2942.0,2942.0,2935.2,2935.2,31,859
2010/08/24,14:28,2935.4,2939.4,2935.4,2937.8,10,860
2010/08/24,14:29,2941.4,2944.2,2941.4,2942.0,9,860
2010/08/24,14:30,2941.0,2941.0,2941.0,2941.0,1,860
2010/08/24,14:31,2939.8,2939.8,2938.4,2939.2,6,858
2010/08/24,14:32,2939.4,2939.8,2939.2,2939.8,7,856
2010/08/24,14:33,2937.8,2937.8,2935.0,2935.0,11,856
2010/08/24,14:34,2936.4,2937.6,2930.6,2931.6,38,857
2010/08/24,14:35,2930.6,2932.4,2928.8,2930.4,14,853
2010/08/24,14:36,2930.4,2932.8,2930.4,2930.4,51,887
2010/08/24,14:37,2930.2,2933.4,2930.2,2933.4,13,889
2010/08/24,14:38,2932.6,2933.0,2932.6,2933.0,4,888
2010/08/24,14:39,2932.4,2934.6,2932.2,2933.4,73,850
2010/08/24,14:40,2933.0,2933.8,2933.0,2933.4,4,849
2010/08/24,14:41,2932.6,2932.6,2930.0,2931.8,45,829
2010/08/24,14:42,2931.8,2931.8,2930.8,2930.8,6,827
2010/08/24,14:43,2931.4,2932.6,2931.0,2931.0,18,828
2010/08/24,14:44,2929.0,2932.8,2929.0,2932.8,7,829
2010/08/24,14:45,2932.4,2932.4,2925.0,2925.0,30,839
2010/08/24,14:46,2923.2,2924.0,2920.0,2921.0,52,847
2010/08/24,14:47,2919.6,2924.4,2919.6,2924.4,14,843
2010/08/24,14:48,2924.4,2925.0,2924.0,2924.0,27,864
2010/08/24,14:49,2924.2,2924.2,2923.0,2923.0,26,876
2010/08/24,14:50,2924.0,2924.0,2924.0,2924.0,1,875
2010/08/24,14:51,2924.6,2925.0,2923.0,2925.0,10,871
2010/08/24,14:52,2925.8,2925.8,2925.8,2925.8,2,870
2010/08/24,14:53,2924.4,2925.4,2924.4,2925.4,3,869
2010/08/24,14:54,2925.8,2926.2,2925.0,2926.2,5,866
2010/08/24,14:55,2927.0,2927.0,2925.6,2926.8,5,869
2010/08/24,14:56,2925.6,2930.0,2925.6,2930.0,11,864
2010/08/24,14:57,2928.8,2928.8,2927.2,2927.4,4,863
2010/08/24,14:58,2928.0,2928.0,2927.6,2927.6,3,863
2010/08/24,14:59,2927.2,2927.2,2927.2,2927.2,1,863
2010/08/24,15:00,2926.4,2926.4,2925.8,2926.4,5,864
2010/08/24,15:01,2926.0,2926.4,2926.0,2926.4,4,865
2010/08/24,15:02,2928.0,2928.2,2927.0,2927.0,6,862
2010/08/24,15:03,2927.4,2928.4,2927.4,2928.4,5,860
2010/08/24,15:04,2928.4,2928.4,2927.6,2927.6,7,858
2010/08/24,15:05,2927.0,2927.8,2927.0,2927.8,11,851
2010/08/24,15:06,2926.8,2927.8,2926.8,2927.4,17,836
2010/08/24,15:07,2926.6,2927.0,2926.6,2927.0,4,837
2010/08/24,15:08,2927.0,2927.0,2927.0,2927.0,1,837
2010/08/24,15:09,2926.6,2926.8,2926.6,2926.8,2,835
2010/08/24,15:10,2926.0,2926.2,2925.6,2925.8,11,827
2010/08/24,15:11,2926.0,2926.2,2925.0,2926.2,77,840
2010/08/24,15:12,2926.2,2926.6,2925.0,2926.0,145,927
2010/08/24,15:13,2926.0,2926.0,2925.8,2926.0,21,918
2010/08/24,15:14,2926.0,2926.0,2925.4,2925.4,23,902
2010/08/25,09:14,2929.0,2929.0,2929.0,2929.0,3,904
2010/08/25,09:15,2918.0,2923.8,2918.0,2923.8,30,904
2010/08/25,09:16,2923.0,2924.8,2923.0,2924.4,5,901
2010/08/25,09:17,2924.2,2924.2,2924.0,2924.0,3,900
2010/08/25,09:18,2924.0,2924.0,2922.0,2922.0,11,899
2010/08/25,09:19,2921.6,2921.6,2915.2,2919.8,14,897
2010/08/25,09:20,2919.2,2919.2,2918.4,2918.4,10,899
2010/08/25,09:21,2919.2,2919.2,2916.2,2916.2,14,899
2010/08/25,09:22,2917.0,2918.2,2916.2,2918.0,10,897
2010/08/25,09:23,2918.2,2919.8,2918.2,2919.8,5,898
2010/08/25,09:24,2919.0,2919.0,2919.0,2919.0,2,898
2010/08/25,09:25,2918.0,2918.0,2915.0,2915.0,11,897
2010/08/25,09:26,2915.0,2915.2,2914.0,2914.0,5,898
2010/08/25,09:27,2916.0,2916.0,2911.6,2911.8,14,897
2010/08/25,09:28,2912.0,2912.0,2909.2,2909.8,40,910
2010/08/25,09:29,2913.0,2914.0,2912.2,2913.8,7,909
2010/08/25,09:30,2912.0,2913.0,2911.2,2913.0,8,913
2010/08/25,09:31,2912.2,2913.8,2910.2,2911.8,64,905
2010/08/25,09:32,2913.8,2916.8,2913.8,2915.0,20,903
2010/08/25,09:33,2914.4,2915.0,2912.8,2913.8,10,901
2010/08/25,09:34,2913.6,2913.6,2911.2,2912.6,10,901
2010/08/25,09:35,2912.6,2915.6,2912.6,2915.6,10,900
2010/08/25,09:36,2915.4,2918.8,2913.2,2918.8,21,895
2010/08/25,09:37,2919.4,2919.4,2917.2,2917.6,16,892
2010/08/25,09:38,2917.0,2917.0,2915.2,2915.6,12,889
2010/08/25,09:39,2915.0,2917.0,2915.0,2916.6,12,894
2010/08/25,09:40,2916.6,2916.6,2912.2,2914.8,10,892
2010/08/25,09:41,2914.6,2915.4,2911.2,2913.6,24,901
2010/08/25,09:42,2914.0,2917.6,2914.0,2916.2,10,903
2010/08/25,09:43,2916.4,2916.8,2914.0,2914.0,12,900
2010/08/25,09:44,2914.6,2917.6,2914.4,2917.0,19,901
2010/08/25,09:45,2916.8,2916.8,2914.0,2914.0,8,902
2010/08/25,09:46,2912.8,2919.0,2912.6,2919.0,12,905
2010/08/25,09:47,2919.0,2929.0,2919.0,2924.2,58,906
2010/08/25,09:48,2923.8,2927.4,2923.8,2927.4,31,909
2010/08/25,09:49,2925.6,2925.8,2924.0,2925.6,19,906
2010/08/25,09:50,2925.8,2926.4,2924.2,2925.8,13,905
2010/08/25,09:51,2925.8,2926.8,2924.2,2924.8,9,907
2010/08/25,09:52,2924.2,2924.2,2920.2,2920.2,9,903
2010/08/25,09:53,2920.2,2920.2,2916.8,2916.8,20,890
2010/08/25,09:54,2916.2,2918.4,2915.0,2915.0,16,885
2010/08/25,09:55,2916.8,2916.8,2906.6,2906.6,27,893
2010/08/25,09:56,2906.6,2911.4,2906.6,2909.8,13,897
2010/08/25,09:57,2911.8,2912.2,2911.0,2911.8,7,900
2010/08/25,09:58,2909.0,2912.6,2909.0,2912.6,6,903
2010/08/25,09:59,2912.6,2914.2,2912.6,2914.2,4,902
2010/08/25,10:00,2918.0,2918.0,2911.2,2913.0,22,901
2010/08/25,10:01,2912.0,2912.4,2912.0,2912.4,5,901
2010/08/25,10:02,2912.8,2917.6,2912.8,2917.6,7,899
2010/08/25,10:03,2915.2,2917.2,2914.4,2915.0,9,895
2010/08/25,10:04,2914.2,2918.0,2914.2,2916.8,12,892
2010/08/25,10:05,2917.0,2919.0,2917.0,2918.0,10,894
2010/08/25,10:06,2919.4,2922.0,2919.4,2922.0,59,921
2010/08/25,10:07,2920.4,2920.4,2918.0,2919.0,16,921
2010/08/25,10:08,2919.4,2920.6,2912.4,2913.2,41,924
2010/08/25,10:09,2915.0,2915.2,2913.0,2915.0,107,991
2010/08/25,10:10,2917.8,2934.0,2917.8,2930.0,92,977
2010/08/25,10:11,2931.4,2931.6,2924.0,2926.0,93,942
2010/08/25,10:12,2926.0,2930.0,2925.0,2927.0,45,935
2010/08/25,10:13,2929.0,2929.0,2924.6,2925.6,37,920
2010/08/25,10:14,2925.6,2926.0,2923.8,2923.8,54,911
2010/08/25,10:15,2923.6,2927.0,2923.6,2925.0,42,909
2010/08/25,10:16,2923.0,2924.8,2922.0,2923.2,12,905
2010/08/25,10:17,2923.2,2925.8,2923.2,2925.8,24,900
2010/08/25,10:18,2925.0,2925.8,2921.8,2925.0,14,897
2010/08/25,10:19,2925.6,2925.6,2922.8,2922.8,4,898
2010/08/25,10:20,2925.0,2925.0,2923.6,2923.6,7,900
2010/08/25,10:21,2923.6,2923.6,2920.4,2921.6,13,896
2010/08/25,10:22,2919.8,2920.2,2915.0,2916.0,23,893
2010/08/25,10:23,2918.2,2919.4,2915.4,2918.0,11,891
2010/08/25,10:24,2918.0,2918.0,2915.0,2917.4,100,934
2010/08/25,10:25,2917.2,2918.0,2913.8,2913.8,40,955
2010/08/25,10:26,2914.6,2915.2,2910.4,2910.6,30,958
2010/08/25,10:27,2913.0,2917.6,2912.8,2914.0,16,958
2010/08/25,10:28,2916.6,2916.6,2914.0,2914.0,3,958
2010/08/25,10:29,2912.0,2912.0,2908.8,2911.4,13,962
2010/08/25,10:30,2910.0,2914.8,2910.0,2910.8,17,964
2010/08/25,10:31,2910.8,2912.4,2902.4,2904.6,40,959
2010/08/25,10:32,2904.6,2908.0,2904.6,2908.0,16,957
2010/08/25,10:33,2908.4,2909.0,2905.4,2905.8,10,961
2010/08/25,10:34,2905.8,2907.6,2905.8,2907.0,7,957
2010/08/25,10:35,2906.0,2907.6,2905.2,2905.2,13,956
2010/08/25,10:36,2905.0,2906.4,2902.4,2903.4,25,965
2010/08/25,10:37,2906.8,2906.8,2904.2,2904.2,5,965
2010/08/25,10:38,2904.0,2905.6,2903.0,2905.2,5,966
2010/08/25,10:39,2905.2,2909.4,2905.2,2909.4,14,963
2010/08/25,10:40,2908.6,2909.2,2906.6,2906.6,9,966
2010/08/25,10:41,2906.6,2907.0,2906.6,2906.6,30,989
2010/08/25,10:42,2906.6,2906.6,2902.0,2904.6,16,990
2010/08/25,10:43,2902.8,2904.0,2900.0,2901.8,14,985
2010/08/25,10:44,2903.0,2908.0,2902.8,2902.8,16,985
2010/08/25,10:45,2902.8,2905.0,2902.2,2902.4,15,988
2010/08/25,10:46,2902.0,2904.4,2902.0,2904.4,14,991
2010/08/25,10:47,2901.0,2906.0,2901.0,2906.0,30,988
2010/08/25,10:48,2906.0,2906.6,2903.0,2903.2,27,1007
2010/08/25,10:49,2905.6,2905.6,2903.0,2903.0,5,1011
2010/08/25,10:50,2903.0,2904.0,2898.6,2904.0,34,1031
2010/08/25,10:51,2906.4,2907.4,2902.2,2904.2,17,1032
2010/08/25,10:52,2906.0,2906.0,2903.8,2904.8,4,1032
2010/08/25,10:53,2904.0,2907.0,2903.6,2906.2,13,1034
2010/08/25,10:54,2906.6,2906.8,2904.0,2905.0,7,1037
2010/08/25,10:55,2906.8,2906.8,2904.0,2905.2,8,1040
2010/08/25,10:56,2905.8,2906.8,2904.8,2906.8,11,1039
2010/08/25,10:57,2904.4,2906.2,2903.0,2903.0,15,1046
2010/08/25,10:58,2903.2,2903.2,2893.6,2896.2,23,1044
2010/08/25,10:59,2898.0,2898.6,2897.4,2898.6,5,1046
2010/08/25,11:00,2896.2,2896.2,2895.6,2895.6,3,1047
2010/08/25,11:01,2898.2,2899.8,2897.0,2897.2,39,1030
2010/08/25,11:02,2898.2,2904.6,2898.2,2901.8,19,1032
2010/08/25,11:03,2902.8,2905.0,2902.4,2903.6,105,1046
2010/08/25,11:04,2903.2,2903.8,2902.2,2903.8,16,1050
2010/08/25,11:05,2903.2,2904.0,2902.2,2902.2,18,1053
2010/08/25,11:06,2901.4,2903.0,2901.4,2903.0,14,1056
2010/08/25,11:07,2901.4,2905.8,2901.4,2903.8,23,1065
2010/08/25,11:08,2902.4,2905.0,2902.2,2903.2,14,1072
2010/08/25,11:09,2902.6,2906.0,2902.6,2904.8,15,1082
2010/08/25,11:10,2904.6,2908.4,2904.4,2907.6,23,1094
2010/08/25,11:11,2905.4,2907.0,2903.8,2903.8,24,1106
2010/08/25,11:12,2903.8,2904.0,2901.8,2904.0,15,1107
2010/08/25,11:13,2903.4,2903.4,2903.4,2903.4,3,1106
2010/08/25,11:14,2904.0,2904.0,2902.2,2902.2,6,1106
2010/08/25,11:15,2902.4,2904.0,2902.0,2902.0,13,1112
2010/08/25,11:16,2901.0,2910.6,2901.0,2910.6,47,1134
2010/08/25,11:17,2909.8,2909.8,2905.2,2905.2,14,1144
2010/08/25,11:18,2908.0,2908.0,2905.4,2908.0,24,1152
2010/08/25,11:19,2906.6,2908.2,2906.6,2908.0,6,1157
2010/08/25,11:20,2909.6,2915.8,2909.6,2913.4,28,1170
2010/08/25,11:21,2914.6,2914.6,2909.8,2909.8,19,1172
2010/08/25,11:22,2910.0,2910.0,2907.0,2908.0,22,1171
2010/08/25,11:23,2908.2,2908.2,2907.0,2907.0,5,1172
2010/08/25,11:24,2907.2,2907.2,2903.2,2903.2,10,1171
2010/08/25,11:25,2905.0,2906.4,2904.4,2906.4,7,1172
2010/08/25,11:26,2904.0,2904.8,2903.0,2904.2,10,1177
2010/08/25,11:27,2902.2,2906.2,2902.2,2906.2,10,1175
2010/08/25,11:28,2902.8,2903.0,2901.0,2901.0,8,1167
2010/08/25,11:29,2901.0,2901.0,2901.0,2901.0,3,1170
2010/08/25,13:00,2899.2,2900.2,2897.4,2897.6,14,1177
2010/08/25,13:01,2898.0,2898.0,2896.4,2897.2,16,1183
2010/08/25,13:02,2897.2,2898.0,2896.8,2896.8,3,1185
2010/08/25,13:03,2896.4,2898.6,2896.0,2898.6,10,1191
2010/08/25,13:04,2898.0,2898.0,2897.2,2898.0,16,1196
2010/08/25,13:05,2897.4,2897.4,2896.4,2897.0,11,1196
2010/08/25,13:06,2895.0,2896.0,2893.2,2894.4,14,1199
2010/08/25,13:07,2893.6,2897.4,2893.6,2896.2,9,1204
2010/08/25,13:08,2897.4,2897.6,2896.2,2896.8,8,1207
2010/08/25,13:09,2896.4,2896.4,2891.4,2891.4,18,1200
2010/08/25,13:10,2892.8,2892.8,2888.6,2889.6,110,1235
2010/08/25,13:11,2890.4,2891.2,2888.6,2888.6,106,1291
2010/08/25,13:12,2889.8,2892.0,2889.8,2890.6,11,1293
2010/08/25,13:13,2890.6,2893.0,2890.4,2890.4,6,1291
2010/08/25,13:14,2891.8,2891.8,2889.0,2890.4,13,1294
2010/08/25,13:15,2890.0,2891.8,2890.0,2890.8,15,1296
2010/08/25,13:16,2890.0,2892.6,2889.0,2891.2,18,1299
2010/08/25,13:17,2892.4,2896.0,2889.8,2895.8,22,1298
2010/08/25,13:18,2892.6,2892.8,2892.0,2892.2,17,1301
2010/08/25,13:19,2893.6,2893.6,2892.0,2893.0,8,1304
2010/08/25,13:20,2892.8,2892.8,2892.8,2892.8,2,1304
2010/08/25,13:21,2892.8,2893.0,2892.0,2892.6,16,1294
2010/08/25,13:22,2892.6,2893.2,2892.4,2892.4,106,1371
2010/08/25,13:23,2893.0,2894.4,2892.4,2893.0,11,1371
2010/08/25,13:24,2893.4,2893.8,2892.6,2892.6,5,1371
2010/08/25,13:25,2894.0,2894.0,2893.0,2893.0,4,1372
2010/08/25,13:26,2893.0,2893.2,2890.6,2893.0,20,1368
2010/08/25,13:27,2893.4,2897.0,2893.4,2893.8,23,1367
2010/08/25,13:28,2892.8,2892.8,2892.8,2892.8,1,1367
2010/08/25,13:29,2892.8,2894.0,2889.8,2894.0,28,1365
2010/08/25,13:30,2891.6,2891.6,2889.8,2890.0,7,1366
2010/08/25,13:31,2891.2,2896.8,2891.2,2895.8,16,1364
2010/08/25,13:32,2892.2,2892.2,2891.8,2891.8,4,1365
2010/08/25,13:33,2891.0,2891.0,2885.2,2886.4,33,1383
2010/08/25,13:34,2886.4,2888.8,2886.0,2886.0,16,1391
2010/08/25,13:35,2887.4,2888.8,2886.2,2886.2,15,1401
2010/08/25,13:36,2886.2,2889.0,2886.0,2887.0,24,1394
2010/08/25,13:37,2887.0,2889.2,2886.2,2887.0,27,1402
2010/08/25,13:38,2889.4,2889.4,2886.2,2888.6,28,1412
2010/08/25,13:39,2889.0,2890.2,2887.2,2889.2,25,1420
2010/08/25,13:40,2892.0,2894.0,2890.0,2894.0,47,1413
2010/08/25,13:41,2894.0,2894.0,2892.0,2893.8,34,1420
2010/08/25,13:42,2892.2,2894.0,2892.0,2893.8,25,1432
2010/08/25,13:43,2892.0,2894.0,2892.0,2892.0,19,1438
2010/08/25,13:44,2892.2,2893.2,2892.0,2893.2,13,1442
2010/08/25,13:45,2892.0,2894.4,2892.0,2893.0,26,1454
2010/08/25,13:46,2893.6,2893.6,2892.0,2892.0,21,1459
2010/08/25,13:47,2891.4,2892.4,2891.4,2892.0,13,1461
2010/08/25,13:48,2891.2,2894.8,2891.2,2893.6,34,1471
2010/08/25,13:49,2890.8,2894.4,2890.6,2894.4,17,1475
2010/08/25,13:50,2894.6,2894.6,2890.8,2893.0,11,1475
2010/08/25,13:51,2893.0,2893.0,2890.0,2891.6,24,1488
2010/08/25,13:52,2890.0,2890.6,2890.0,2890.6,5,1485
2010/08/25,13:53,2892.8,2892.8,2890.2,2891.0,41,1503
2010/08/25,13:54,2888.8,2890.2,2888.0,2888.2,16,1500
2010/08/25,13:55,2888.6,2890.4,2888.0,2889.8,13,1504
2010/08/25,13:56,2889.0,2893.0,2888.6,2890.0,27,1514
2010/08/25,13:57,2890.4,2892.2,2890.0,2890.0,18,1520
2010/08/25,13:58,2890.0,2890.0,2880.0,2883.0,84,1531
2010/08/25,13:59,2884.2,2886.8,2883.2,2884.2,25,1526
2010/08/25,14:00,2883.8,2887.8,2883.8,2884.2,11,1524
2010/08/25,14:01,2886.4,2886.4,2882.4,2883.8,10,1532
2010/08/25,14:02,2884.4,2886.6,2883.8,2884.0,12,1536
2010/08/25,14:03,2885.4,2887.6,2884.0,2887.6,18,1537
2010/08/25,14:04,2885.2,2887.0,2884.4,2887.0,37,1540
2010/08/25,14:05,2885.6,2888.6,2885.0,2888.6,32,1547
2010/08/25,14:06,2887.8,2896.8,2887.8,2896.8,68,1568
2010/08/25,14:07,2893.6,2896.4,2893.4,2894.4,26,1584
2010/08/25,14:08,2894.0,2895.4,2893.0,2894.8,10,1583
2010/08/25,14:09,2895.2,2896.0,2894.2,2895.8,11,1581
2010/08/25,14:10,2896.4,2896.4,2895.0,2895.0,4,1581
2010/08/25,14:11,2894.4,2895.6,2894.0,2894.0,11,1580
2010/08/25,14:12,2893.4,2895.0,2893.2,2895.0,15,1574
2010/08/25,14:13,2895.0,2895.0,2894.0,2894.0,3,1574
2010/08/25,14:14,2893.2,2893.2,2889.2,2890.2,51,1539
2010/08/25,14:15,2892.0,2892.0,2890.6,2890.6,2,1540
2010/08/25,14:16,2891.8,2891.8,2891.4,2891.4,2,1539
2010/08/25,14:17,2891.4,2891.4,2889.0,2889.0,12,1536
2010/08/25,14:18,2887.4,2887.4,2885.0,2885.0,3,1534
2010/08/25,14:19,2885.0,2888.6,2885.0,2888.6,6,1535
2010/08/25,14:20,2889.0,2889.0,2885.0,2885.0,10,1534
2010/08/25,14:21,2885.0,2885.6,2883.8,2885.2,23,1539
2010/08/25,14:22,2886.8,2886.8,2881.8,2881.8,28,1529
2010/08/25,14:23,2882.0,2883.6,2880.0,2880.0,15,1532
2010/08/25,14:24,2882.2,2882.8,2877.6,2877.6,19,1539
2010/08/25,14:25,2878.8,2878.8,2873.0,2875.2,26,1542
2010/08/25,14:26,2873.8,2876.8,2873.8,2875.8,27,1546
2010/08/25,14:27,2876.0,2877.6,2876.0,2876.4,177,1598
2010/08/25,14:28,2876.4,2878.4,2875.8,2875.8,46,1628
2010/08/25,14:29,2876.0,2878.2,2876.0,2877.6,20,1645
2010/08/25,14:30,2878.0,2879.6,2877.2,2878.2,22,1657
2010/08/25,14:31,2877.6,2878.8,2877.0,2877.8,12,1660
2010/08/25,14:32,2877.8,2877.8,2876.0,2876.0,8,1660
2010/08/25,14:33,2877.0,2877.0,2875.0,2875.0,8,1660
2010/08/25,14:34,2876.2,2876.2,2871.8,2874.0,8,1660
2010/08/25,14:35,2875.8,2876.2,2874.0,2874.0,13,1661
2010/08/25,14:36,2875.0,2875.0,2871.0,2871.0,7,1660
2010/08/25,14:37,2873.2,2874.2,2873.2,2874.0,6,1661
2010/08/25,14:38,2874.0,2876.0,2872.6,2873.4,10,1661
2010/08/25,14:39,2873.4,2873.4,2871.4,2871.4,26,1667
2010/08/25,14:40,2871.2,2871.6,2868.6,2869.4,22,1666
2010/08/25,14:41,2869.6,2869.6,2864.6,2866.8,55,1662
2010/08/25,14:42,2868.8,2869.6,2868.0,2868.2,7,1659
2010/08/25,14:43,2869.4,2871.4,2869.2,2870.4,19,1672
2010/08/25,14:44,2870.2,2872.0,2870.2,2871.0,24,1690
2010/08/25,14:45,2871.0,2872.2,2870.0,2870.6,29,1701
2010/08/25,14:46,2870.8,2873.2,2870.8,2872.0,23,1712
2010/08/25,14:47,2871.4,2873.4,2871.4,2871.4,15,1720
2010/08/25,14:48,2870.4,2871.4,2870.2,2871.4,23,1729
2010/08/25,14:49,2870.0,2871.4,2870.0,2870.6,27,1742
2010/08/25,14:50,2872.8,2872.8,2871.0,2872.0,15,1749
2010/08/25,14:51,2872.2,2872.2,2870.0,2870.4,24,1763
2010/08/25,14:52,2870.6,2872.4,2870.6,2872.2,22,1754
2010/08/25,14:53,2872.2,2872.4,2871.0,2871.0,92,1693
2010/08/25,14:54,2871.0,2871.8,2870.2,2870.2,28,1703
2010/08/25,14:55,2870.4,2872.0,2870.2,2870.2,14,1712
2010/08/25,14:56,2870.2,2870.8,2870.2,2870.8,33,1712
2010/08/25,14:57,2871.0,2871.6,2871.0,2871.6,6,1713
2010/08/25,14:58,2871.2,2871.2,2871.2,2871.2,1,1713
2010/08/25,14:59,2871.6,2872.4,2871.6,2872.4,3,1713
2010/08/25,15:00,2871.6,2871.6,2871.0,2871.0,2,1713
2010/08/25,15:01,2871.0,2871.0,2870.0,2870.0,33,1720
2010/08/25,15:02,2870.8,2870.8,2870.6,2870.6,13,1717
2010/08/25,15:03,2870.0,2870.6,2870.0,2870.4,24,1735
2010/08/25,15:04,2870.2,2870.6,2870.0,2870.0,5,1735
2010/08/25,15:05,2870.0,2870.0,2868.8,2869.0,14,1740
2010/08/25,15:06,2869.0,2869.0,2868.0,2868.0,7,1741
2010/08/25,15:07,2864.4,2864.8,2863.6,2864.2,5,1743
2010/08/25,15:08,2865.0,2865.0,2864.8,2865.0,7,1750
2010/08/25,15:09,2864.4,2864.4,2863.8,2863.8,72,1749
2010/08/25,15:10,2863.8,2864.8,2863.6,2864.4,87,1759
2010/08/25,15:11,2864.4,2865.4,2864.4,2865.0,50,1756
2010/08/25,15:12,2865.0,2865.0,2863.8,2863.8,6,1755
2010/08/25,15:13,2864.8,2866.4,2864.8,2865.6,17,1764
2010/08/25,15:14,2866.6,2867.6,2866.0,2867.6,7,1763
2010/08/26,09:15,2872.2,2886.4,2872.2,2884.2,75,1782
2010/08/26,09:16,2885.2,2885.2,2882.8,2883.4,13,1782
2010/08/26,09:17,2882.6,2885.0,2882.6,2884.8,46,1778
2010/08/26,09:18,2884.8,2884.8,2881.8,2881.8,23,1772
2010/08/26,09:19,2881.0,2883.0,2881.0,2882.2,22,1784
2010/08/26,09:20,2883.6,2883.6,2882.4,2882.6,4,1784
2010/08/26,09:21,2882.2,2883.8,2882.2,2883.0,15,1793
2010/08/26,09:22,2884.4,2885.0,2884.4,2885.0,5,1794
2010/08/26,09:23,2885.0,2885.0,2883.6,2884.4,23,1799
2010/08/26,09:24,2884.0,2885.0,2884.0,2884.8,7,1801
2010/08/26,09:25,2884.8,2886.2,2884.8,2886.2,34,1801
2010/08/26,09:26,2883.6,2887.0,2883.6,2885.2,10,1797
2010/08/26,09:27,2884.8,2884.8,2884.0,2884.0,5,1799
2010/08/26,09:28,2884.0,2885.0,2883.8,2884.8,23,1799
2010/08/26,09:29,2884.6,2885.2,2884.4,2884.8,37,1804
2010/08/26,09:30,2886.0,2886.0,2884.2,2884.4,42,1800
2010/08/26,09:31,2886.4,2890.0,2886.4,2889.0,15,1800
2010/08/26,09:32,2889.8,2889.8,2885.6,2885.6,58,1817
2010/08/26,09:33,2887.6,2887.6,2886.2,2886.8,10,1816
2010/08/26,09:34,2886.8,2887.2,2886.8,2887.0,3,1816
2010/08/26,09:35,2886.2,2887.0,2885.6,2885.6,30,1820
2010/08/26,09:36,2886.0,2887.6,2886.0,2886.2,11,1817
2010/08/26,09:37,2886.2,2886.8,2886.0,2886.0,13,1819
2010/08/26,09:38,2886.2,2886.2,2884.0,2884.0,36,1825
2010/08/26,09:39,2884.0,2884.6,2883.6,2884.2,9,1825
2010/08/26,09:40,2885.2,2886.0,2884.6,2885.2,13,1824
2010/08/26,09:41,2884.0,2884.0,2881.2,2881.2,16,1819
2010/08/26,09:42,2881.0,2882.8,2881.0,2882.4,38,1818
2010/08/26,09:43,2882.0,2883.0,2881.0,2881.0,16,1825
2010/08/26,09:44,2881.4,2883.0,2880.8,2883.0,29,1843
2010/08/26,09:45,2881.6,2883.6,2880.0,2882.2,22,1856
2010/08/26,09:46,2881.2,2882.2,2881.0,2881.0,39,1870
2010/08/26,09:47,2881.0,2883.0,2881.0,2881.8,21,1876
2010/08/26,09:48,2881.8,2882.6,2878.8,2879.8,18,1883
2010/08/26,09:49,2880.2,2881.8,2880.0,2880.8,43,1897
2010/08/26,09:50,2880.4,2881.0,2879.2,2879.6,24,1908
2010/08/26,09:51,2880.6,2880.6,2878.2,2879.6,7,1913
2010/08/26,09:52,2881.0,2883.2,2881.0,2881.0,26,1926
2010/08/26,09:53,2880.2,2881.8,2878.4,2878.4,16,1938
2010/08/26,09:54,2880.0,2880.4,2878.6,2879.8,21,1952
2010/08/26,09:55,2879.2,2882.4,2879.2,2882.4,27,1967
2010/08/26,09:56,2882.2,2882.4,2880.0,2882.4,24,1979
2010/08/26,09:57,2882.6,2883.6,2881.0,2882.8,21,1995
2010/08/26,09:58,2883.8,2884.4,2883.4,2884.0,16,2001
2010/08/26,09:59,2884.2,2884.2,2883.4,2883.6,5,2000
2010/08/26,10:00,2883.6,2884.6,2883.6,2884.6,20,1998
2010/08/26,10:01,2884.6,2885.8,2884.4,2885.8,22,2001
2010/08/26,10:02,2885.6,2885.6,2885.0,2885.0,9,1995
2010/08/26,10:03,2884.8,2884.8,2883.4,2883.4,6,1995
2010/08/26,10:04,2882.8,2882.8,2882.2,2882.2,4,1995
2010/08/26,10:05,2882.6,2882.6,2878.4,2878.4,21,1991
2010/08/26,10:06,2878.8,2878.8,2876.2,2876.2,11,1988
2010/08/26,10:07,2878.4,2879.4,2878.2,2879.4,9,1986
2010/08/26,10:08,2878.6,2878.6,2878.0,2878.0,24,1989
2010/08/26,10:09,2878.6,2878.6,2878.2,2878.2,8,1994
2010/08/26,10:10,2878.6,2879.2,2877.0,2877.0,5,1995
2010/08/26,10:11,2876.4,2878.2,2876.4,2878.2,10,1995
2010/08/26,10:12,2877.0,2879.2,2877.0,2877.6,12,2002
2010/08/26,10:13,2878.8,2878.8,2876.4,2876.4,6,2005
2010/08/26,10:14,2876.0,2878.0,2876.0,2878.0,20,2017
2010/08/26,10:15,2878.2,2878.2,2878.0,2878.0,5,2020
2010/08/26,10:16,2878.0,2878.8,2877.8,2878.2,17,2023
2010/08/26,10:17,2878.2,2878.2,2878.2,2878.2,1,2024
2010/08/26,10:18,2877.6,2877.6,2874.0,2874.0,18,2027
2010/08/26,10:19,2874.4,2876.0,2874.0,2875.0,10,2032
2010/08/26,10:20,2875.8,2875.8,2875.2,2875.2,2,2033
2010/08/26,10:21,2873.4,2874.8,2873.2,2873.2,14,2032
2010/08/26,10:22,2873.0,2874.0,2873.0,2874.0,7,2037
2010/08/26,10:23,2874.6,2875.8,2874.6,2875.8,4,2040
2010/08/26,10:24,2876.2,2876.2,2875.0,2875.0,4,2039
2010/08/26,10:25,2875.0,2875.0,2875.0,2875.0,8,2044
2010/08/26,10:26,2876.2,2876.2,2874.8,2874.8,6,2045
2010/08/26,10:27,2874.6,2875.4,2874.0,2874.0,9,2043
2010/08/26,10:28,2874.2,2875.2,2873.8,2875.2,9,2043
2010/08/26,10:29,2874.0,2874.0,2873.6,2874.0,22,2042
2010/08/26,10:30,2873.2,2873.2,2870.0,2871.6,15,2042
2010/08/26,10:31,2871.6,2874.2,2871.6,2872.8,12,2043
2010/08/26,10:32,2874.0,2874.8,2872.8,2872.8,4,2042
2010/08/26,10:33,2870.8,2872.8,2870.6,2872.8,6,2039
2010/08/26,10:34,2872.0,2873.2,2872.0,2872.0,17,2051
2010/08/26,10:35,2872.6,2878.8,2872.6,2878.8,49,2085
2010/08/26,10:36,2879.0,2879.0,2876.8,2878.0,25,2085
2010/08/26,10:37,2877.0,2877.0,2876.4,2877.0,6,2087
2010/08/26,10:38,2877.6,2882.0,2877.6,2879.4,51,2114
2010/08/26,10:39,2879.4,2879.4,2877.8,2877.8,60,2161
2010/08/26,10:40,2878.2,2879.2,2878.2,2878.6,27,2183
2010/08/26,10:41,2878.2,2878.4,2877.4,2878.0,10,2183
2010/08/26,10:42,2878.0,2880.0,2878.0,2878.4,21,2194
2010/08/26,10:43,2879.0,2879.0,2877.2,2877.8,43,2236
2010/08/26,10:44,2877.6,2877.6,2877.4,2877.6,12,2243
2010/08/26,10:45,2877.2,2879.0,2877.2,2879.0,4,2244
2010/08/26,10:46,2878.6,2881.0,2878.6,2878.8,18,2248
2010/08/26,10:47,2879.0,2879.0,2875.8,2875.8,90,2276
2010/08/26,10:48,2878.0,2881.6,2876.0,2881.6,82,2250
2010/08/26,10:49,2879.6,2879.6,2878.0,2878.6,19,2253
2010/08/26,10:50,2881.0,2884.2,2881.0,2883.0,56,2226
2010/08/26,10:51,2883.0,2883.0,2881.6,2883.0,39,2201
2010/08/26,10:52,2883.6,2885.6,2883.2,2885.0,47,2186
2010/08/26,10:53,2884.6,2885.0,2883.6,2884.8,27,2163
2010/08/26,10:54,2885.0,2885.0,2884.0,2885.0,26,2149
2010/08/26,10:55,2885.0,2885.0,2882.4,2882.6,44,2134
2010/08/26,10:56,2882.6,2884.4,2882.6,2884.4,8,2131
2010/08/26,10:57,2884.0,2884.0,2882.4,2882.4,21,2134
2010/08/26,10:58,2883.2,2885.0,2883.2,2884.0,12,2143
2010/08/26,10:59,2884.0,2884.0,2882.8,2882.8,2,2141
2010/08/26,11:00,2883.0,2883.0,2882.8,2882.8,3,2141
2010/08/26,11:01,2882.8,2883.0,2881.8,2881.8,40,2116
2010/08/26,11:02,2881.6,2881.6,2879.4,2879.8,19,2113
2010/08/26,11:03,2879.2,2879.2,2879.2,2879.2,1,2114
2010/08/26,11:04,2879.0,2879.2,2878.6,2878.6,6,2116
2010/08/26,11:05,2878.6,2879.0,2878.0,2879.0,8,2122
2010/08/26,11:06,2878.4,2878.4,2877.6,2878.0,15,2108
2010/08/26,11:07,2878.6,2878.6,2878.6,2878.6,2,2108
2010/08/26,11:09,2877.2,2877.2,2875.2,2875.4,14,2103
2010/08/26,11:10,2875.4,2877.0,2875.4,2877.0,3,2104
2010/08/26,11:11,2876.4,2879.6,2876.4,2878.6,10,2108
2010/08/26,11:12,2880.0,2895.0,2880.0,2890.6,57,2124
2010/08/26,11:13,2890.6,2899.8,2890.6,2899.8,188,2251
2010/08/26,11:14,2900.8,2904.2,2898.0,2899.4,105,2261
2010/08/26,11:15,2899.8,2902.2,2899.0,2899.0,41,2270
2010/08/26,11:16,2899.4,2899.4,2896.0,2898.0,12,2269
2010/08/26,11:17,2898.8,2899.6,2898.4,2899.0,22,2260
2010/08/26,11:18,2899.0,2899.0,2897.0,2897.0,17,2254
2010/08/26,11:19,2897.0,2897.8,2896.6,2896.8,4,2254
2010/08/26,11:20,2896.6,2897.0,2891.0,2892.0,65,2240
2010/08/26,11:21,2890.6,2890.6,2885.6,2888.2,37,2245
2010/08/26,11:22,2889.0,2890.0,2888.6,2889.2,46,2248
2010/08/26,11:23,2889.0,2889.2,2887.0,2888.4,27,2240
2010/08/26,11:24,2887.0,2887.6,2885.6,2886.0,51,2246
2010/08/26,11:25,2886.0,2886.4,2884.0,2884.8,30,2237
2010/08/26,11:26,2885.0,2885.4,2884.6,2885.4,10,2234
2010/08/26,11:27,2886.2,2887.0,2886.2,2886.8,5,2236
2010/08/26,11:28,2885.0,2885.2,2884.2,2884.2,14,2237
2010/08/26,11:29,2885.4,2885.4,2884.0,2884.0,5,2237
2010/08/26,13:00,2884.0,2887.0,2884.0,2887.0,4,2237
2010/08/26,13:01,2884.2,2884.2,2883.8,2883.8,5,2239
2010/08/26,13:02,2883.0,2883.4,2881.8,2881.8,15,2238
2010/08/26,13:03,2882.2,2883.2,2882.2,2883.2,2,2238
2010/08/26,13:06,2884.0,2885.0,2884.0,2885.0,3,2238
2010/08/26,13:08,2882.6,2882.6,2882.2,2882.2,2,2239
2010/08/26,13:09,2883.6,2884.0,2883.0,2884.0,5,2241
2010/08/26,13:10,2883.0,2883.0,2883.0,2883.0,5,2246
2010/08/26,13:11,2883.8,2884.2,2883.8,2884.2,3,2246
2010/08/26,13:12,2882.8,2882.8,2882.8,2882.8,3,2244
2010/08/26,13:13,2882.8,2882.8,2880.6,2882.0,8,2241
2010/08/26,13:14,2883.6,2883.6,2883.6,2883.6,1,2240
2010/08/26,13:15,2883.6,2883.6,2882.0,2882.0,4,2238
2010/08/26,13:16,2883.0,2883.0,2883.0,2883.0,2,2237
2010/08/26,13:17,2883.0,2884.2,2883.0,2884.2,2,2238
2010/08/26,13:18,2882.8,2882.8,2882.8,2882.8,1,2239
2010/08/26,13:19,2883.0,2883.0,2880.8,2880.8,10,2242
2010/08/26,13:20,2880.6,2881.2,2880.4,2881.2,5,2242
2010/08/26,13:21,2880.2,2880.2,2878.6,2880.0,9,2240
2010/08/26,13:22,2880.2,2882.4,2879.6,2879.6,5,2242
2010/08/26,13:23,2879.6,2881.8,2879.6,2881.8,15,2244
2010/08/26,13:24,2881.0,2881.0,2880.8,2880.8,2,2244
2010/08/26,13:25,2881.2,2882.2,2881.2,2882.2,3,2244
2010/08/26,13:26,2880.0,2880.0,2880.0,2880.0,1,2244
2010/08/26,13:27,2880.0,2880.0,2878.0,2878.0,8,2242
2010/08/26,13:28,2877.2,2877.2,2876.2,2877.0,6,2245
2010/08/26,13:29,2878.0,2878.0,2877.4,2877.8,3,2246
2010/08/26,13:30,2878.2,2878.2,2878.2,2878.2,1,2246
2010/08/26,13:31,2879.6,2879.6,2879.6,2879.6,2,2246
2010/08/26,13:32,2880.0,2885.4,2880.0,2884.0,46,2264
2010/08/26,13:33,2884.4,2884.4,2881.6,2881.6,12,2264
2010/08/26,13:34,2881.2,2881.2,2876.0,2876.0,16,2261
2010/08/26,13:35,2876.2,2878.0,2874.8,2874.8,16,2261
2010/08/26,13:36,2874.6,2876.8,2874.6,2876.0,8,2259
2010/08/26,13:37,2876.2,2876.6,2876.2,2876.6,4,2259
2010/08/26,13:38,2876.2,2877.2,2876.2,2877.2,3,2258
2010/08/26,13:39,2876.4,2876.4,2876.4,2876.4,3,2257
2010/08/26,13:40,2876.4,2876.4,2875.0,2875.4,5,2260
2010/08/26,13:41,2875.0,2875.0,2871.0,2871.8,12,2260
2010/08/26,13:42,2871.8,2873.4,2871.8,2873.4,5,2260
2010/08/26,13:43,2873.2,2875.2,2873.0,2875.2,11,2259
2010/08/26,13:44,2875.2,2875.2,2874.4,2874.4,9,2260
2010/08/26,13:45,2874.8,2876.0,2874.8,2876.0,7,2264
2010/08/26,13:46,2875.2,2876.0,2875.0,2876.0,7,2260
2010/08/26,13:47,2876.0,2876.2,2876.0,2876.0,12,2252
2010/08/26,13:48,2876.0,2876.0,2874.4,2874.8,10,2247
2010/08/26,13:49,2874.8,2878.6,2874.8,2878.6,18,2251
2010/08/26,13:50,2877.2,2877.2,2874.0,2874.0,12,2243
2010/08/26,13:51,2876.0,2876.0,2876.0,2876.0,1,2243
2010/08/26,13:52,2874.0,2875.4,2874.0,2875.4,16,2240
2010/08/26,13:53,2875.0,2875.2,2874.6,2875.2,6,2240
2010/08/26,13:54,2875.4,2878.0,2875.4,2878.0,14,2249
2010/08/26,13:55,2875.0,2875.0,2874.4,2874.8,5,2249
2010/08/26,13:56,2876.2,2876.2,2872.2,2873.2,14,2245
2010/08/26,13:57,2874.0,2874.0,2872.6,2872.6,8,2245
2010/08/26,13:58,2874.2,2874.2,2873.8,2873.8,2,2246
2010/08/26,13:59,2875.4,2879.8,2875.4,2878.2,34,2251
2010/08/26,14:00,2877.0,2877.0,2868.6,2871.2,46,2250
2010/08/26,14:01,2871.4,2872.6,2871.0,2871.8,96,2197
2010/08/26,14:02,2872.0,2873.8,2871.2,2871.2,46,2172
2010/08/26,14:03,2870.4,2872.6,2870.2,2871.6,49,2149
2010/08/26,14:04,2871.6,2871.6,2867.8,2867.8,87,2117
2010/08/26,14:05,2869.0,2870.0,2868.6,2868.6,14,2108
2010/08/26,14:06,2868.2,2870.0,2868.2,2870.0,50,2088
2010/08/26,14:07,2870.0,2871.0,2870.0,2870.0,6,2086
2010/08/26,14:08,2870.0,2871.0,2870.0,2871.0,4,2084
2010/08/26,14:09,2872.0,2872.0,2871.0,2871.0,4,2084
2010/08/26,14:10,2870.8,2871.8,2870.2,2870.2,4,2082
2010/08/26,14:11,2871.8,2872.0,2870.4,2872.0,8,2076
2010/08/26,14:12,2872.0,2874.4,2871.8,2874.2,11,2072
2010/08/26,14:13,2874.6,2874.8,2873.8,2873.8,6,2071
2010/08/26,14:14,2874.0,2874.0,2873.2,2873.2,3,2072
2010/08/26,14:16,2874.8,2876.0,2873.4,2873.4,13,2071
2010/08/26,14:17,2873.4,2873.4,2873.0,2873.0,4,2071
2010/08/26,14:18,2871.2,2871.2,2871.0,2871.0,5,2070
2010/08/26,14:19,2870.2,2870.8,2870.0,2870.0,10,2068
2010/08/26,14:20,2870.0,2871.6,2870.0,2871.6,6,2072
2010/08/26,14:21,2871.0,2871.0,2866.0,2866.6,23,2074
2010/08/26,14:22,2867.0,2868.4,2866.4,2867.4,8,2077
2010/08/26,14:23,2867.4,2867.4,2864.2,2864.2,26,2082
2010/08/26,14:24,2863.4,2865.2,2862.4,2865.0,9,2081
2010/08/26,14:25,2864.2,2865.0,2864.2,2865.0,9,2078
2010/08/26,14:26,2865.0,2865.0,2861.0,2861.0,12,2081
2010/08/26,14:27,2861.0,2863.2,2861.0,2863.2,5,2078
2010/08/26,14:28,2863.4,2864.0,2863.4,2864.0,2,2077
2010/08/26,14:29,2864.0,2864.0,2864.0,2864.0,2,2078
2010/08/26,14:30,2867.2,2867.4,2866.0,2867.4,6,2081
2010/08/26,14:31,2867.4,2867.4,2866.6,2866.6,2,2081
2010/08/26,14:32,2867.6,2869.8,2867.6,2869.8,7,2082
2010/08/26,14:33,2868.2,2868.2,2868.2,2868.2,2,2081
2010/08/26,14:34,2866.8,2866.8,2866.0,2866.0,7,2077
2010/08/26,14:35,2866.8,2866.8,2866.8,2866.8,1,2077
2010/08/26,14:36,2868.0,2868.8,2868.0,2868.8,3,2079
2010/08/26,14:37,2868.0,2868.2,2868.0,2868.0,8,2081
2010/08/26,14:38,2866.8,2868.0,2866.0,2868.0,9,2080
2010/08/26,14:39,2867.0,2868.0,2867.0,2868.0,3,2083
2010/08/26,14:40,2867.0,2867.0,2866.8,2866.8,5,2083
2010/08/26,14:41,2867.8,2870.0,2867.8,2868.4,32,2100
2010/08/26,14:42,2868.4,2871.8,2868.4,2871.2,27,2091
2010/08/26,14:43,2869.6,2869.6,2869.0,2869.0,4,2092
2010/08/26,14:44,2869.0,2870.0,2869.0,2870.0,11,2082
2010/08/26,14:45,2871.0,2874.4,2871.0,2873.6,15,2076
2010/08/26,14:46,2874.0,2874.0,2874.0,2874.0,4,2074
2010/08/26,14:47,2874.0,2874.0,2873.0,2873.0,5,2074
2010/08/26,14:49,2872.0,2874.6,2872.0,2874.6,11,2070
2010/08/26,14:50,2874.6,2874.6,2873.6,2874.0,12,2070
2010/08/26,14:51,2874.0,2874.0,2873.6,2874.0,36,2067
2010/08/26,14:52,2874.0,2874.0,2872.4,2872.4,20,2063
2010/08/26,14:53,2873.0,2874.0,2872.2,2872.2,7,2064
2010/08/26,14:54,2872.6,2872.6,2872.6,2872.6,3,2062
2010/08/26,14:55,2873.6,2873.6,2872.6,2872.6,3,2059
2010/08/26,14:56,2872.6,2872.6,2872.6,2872.6,2,2057
2010/08/26,14:57,2873.6,2874.0,2873.6,2874.0,4,2054
2010/08/26,14:59,2874.0,2874.0,2873.0,2873.8,4,2055
2010/08/26,15:00,2874.4,2874.4,2874.4,2874.4,1,2054
2010/08/26,15:02,2874.0,2875.0,2874.0,2875.0,38,2027
2010/08/26,15:03,2875.2,2876.2,2875.2,2876.2,5,2025
2010/08/26,15:05,2875.0,2876.0,2875.0,2876.0,4,2023
2010/08/26,15:06,2876.0,2876.0,2875.0,2875.0,4,2021
2010/08/26,15:07,2874.2,2875.0,2874.2,2874.8,5,2016
2010/08/26,15:08,2874.0,2874.0,2874.0,2874.0,1,2017
2010/08/26,15:09,2875.0,2875.0,2875.0,2875.0,6,2011
2010/08/26,15:10,2875.8,2876.8,2875.8,2876.8,7,2008
2010/08/26,15:11,2876.8,2876.8,2876.0,2876.0,4,2008
2010/08/26,15:12,2876.8,2876.8,2876.6,2876.6,2,2007
2010/08/26,15:13,2876.4,2877.0,2875.6,2877.0,8,2002
2010/08/26,15:14,2877.0,2878.8,2877.0,2878.0,17,2007
2010/08/27,09:14,2870.2,2870.2,2870.2,2870.2,1,2008
2010/08/27,09:15,2874.8,2875.6,2874.2,2874.2,107,1973
2010/08/27,09:16,2874.0,2874.4,2872.4,2874.0,12,1979
2010/08/27,09:17,2872.2,2873.8,2872.2,2872.8,8,1980
2010/08/27,09:19,2872.8,2873.4,2872.6,2873.4,5,1982
2010/08/27,09:20,2873.4,2873.8,2872.6,2872.8,15,1980
2010/08/27,09:21,2873.0,2873.0,2873.0,2873.0,1,1980
2010/08/27,09:22,2873.0,2873.6,2873.0,2873.6,3,1983
2010/08/27,09:24,2873.6,2873.6,2872.0,2872.0,25,1983
2010/08/27,09:25,2872.0,2872.2,2872.0,2872.2,12,1983
2010/08/27,09:26,2872.6,2872.6,2872.2,2872.2,5,1983
2010/08/27,09:27,2872.6,2872.6,2872.4,2872.6,20,1993
2010/08/27,09:28,2872.6,2873.0,2872.6,2873.0,6,1996
2010/08/27,09:29,2872.6,2872.6,2872.4,2872.6,12,2002
2010/08/27,09:30,2872.4,2874.8,2872.4,2874.2,22,2008
2010/08/27,09:31,2874.4,2874.4,2872.2,2872.2,33,2023
2010/08/27,09:32,2872.0,2872.0,2868.6,2870.0,24,2028
2010/08/27,09:33,2871.8,2872.4,2871.0,2871.0,7,2028
2010/08/27,09:34,2871.8,2871.8,2869.0,2869.0,3,2028
2010/08/27,09:35,2871.0,2871.6,2871.0,2871.6,2,2029
2010/08/27,09:36,2871.6,2871.6,2869.8,2869.8,8,2029
2010/08/27,09:37,2870.6,2871.0,2870.6,2870.6,4,2030
2010/08/27,09:38,2869.2,2869.2,2869.2,2869.2,5,2032
2010/08/27,09:39,2871.0,2871.0,2871.0,2871.0,10,2041
2010/08/27,09:40,2870.8,2870.8,2870.0,2870.0,2,2042
2010/08/27,09:41,2869.0,2869.0,2866.2,2866.2,13,2046
2010/08/27,09:42,2866.8,2867.0,2866.0,2866.6,15,2038
2010/08/27,09:43,2865.6,2867.0,2865.2,2865.2,4,2039
2010/08/27,09:44,2865.6,2867.2,2865.6,2866.2,7,2041
2010/08/27,09:45,2867.0,2867.2,2866.2,2866.2,3,2042
2010/08/27,09:46,2866.2,2867.8,2866.2,2867.8,19,2057
2010/08/27,09:47,2867.8,2867.8,2867.2,2867.2,3,2058
2010/08/27,09:48,2867.6,2867.8,2867.6,2867.8,2,2058
2010/08/27,09:49,2867.2,2867.2,2866.8,2867.2,8,2060
2010/08/27,09:50,2867.2,2868.0,2867.2,2867.4,19,2064
2010/08/27,09:51,2866.0,2867.8,2866.0,2866.2,6,2065
2010/08/27,09:52,2866.2,2866.2,2866.2,2866.2,1,2065
2010/08/27,09:53,2867.0,2867.0,2865.0,2865.4,9,2060
2010/08/27,09:54,2865.0,2865.6,2864.0,2865.6,8,2061
2010/08/27,09:55,2865.6,2866.8,2865.6,2866.8,4,2062
2010/08/27,09:56,2867.0,2871.8,2867.0,2869.0,139,2127
2010/08/27,09:57,2869.2,2869.2,2867.6,2868.4,34,2128
2010/08/27,09:58,2870.0,2870.0,2869.2,2870.0,22,2133
2010/08/27,09:59,2870.2,2870.2,2869.0,2869.2,13,2140
2010/08/27,10:00,2869.6,2870.0,2868.4,2870.0,18,2150
2010/08/27,10:01,2870.2,2871.8,2869.2,2871.8,33,2176
2010/08/27,10:02,2872.0,2872.8,2870.4,2872.0,68,2211
2010/08/27,10:03,2872.0,2872.0,2871.0,2872.0,25,2225
2010/08/27,10:04,2871.6,2871.8,2871.2,2871.6,8,2230
2010/08/27,10:05,2871.6,2871.6,2871.2,2871.2,5,2229
2010/08/27,10:06,2871.0,2871.0,2871.0,2871.0,7,2233
2010/08/27,10:07,2870.6,2878.0,2870.6,2876.0,116,2296
2010/08/27,10:08,2876.4,2877.0,2873.8,2874.4,23,2302
2010/08/27,10:09,2874.0,2874.0,2870.0,2870.8,29,2305
2010/08/27,10:10,2870.0,2871.0,2870.0,2870.6,9,2300
2010/08/27,10:11,2871.0,2871.0,2868.0,2868.0,33,2281
2010/08/27,10:12,2868.0,2868.2,2868.0,2868.0,4,2282
2010/08/27,10:13,2868.8,2868.8,2868.0,2868.6,5,2281
2010/08/27,10:14,2868.0,2868.0,2868.0,2868.0,4,2281
2010/08/27,10:15,2867.8,2868.2,2867.2,2868.2,6,2280
2010/08/27,10:17,2869.0,2869.0,2869.0,2869.0,1,2280
2010/08/27,10:18,2872.6,2873.0,2867.2,2867.2,5,2280
2010/08/27,10:19,2868.6,2869.6,2867.0,2869.6,16,2273
2010/08/27,10:20,2870.2,2872.8,2870.2,2871.0,14,2276
2010/08/27,10:21,2869.0,2871.8,2869.0,2871.8,2,2275
2010/08/27,10:22,2871.6,2871.8,2870.0,2870.8,5,2275
2010/08/27,10:23,2870.8,2874.8,2870.8,2872.0,18,2279
2010/08/27,10:24,2872.6,2873.2,2872.6,2873.2,5,2281
2010/08/27,10:25,2873.0,2873.0,2871.2,2873.0,5,2283
2010/08/27,10:26,2870.8,2873.0,2870.8,2873.0,6,2284
2010/08/27,10:27,2873.0,2873.6,2872.4,2872.4,3,2285
2010/08/27,10:28,2871.8,2873.8,2871.8,2873.4,12,2289
2010/08/27,10:29,2873.4,2875.4,2873.0,2874.0,32,2290
2010/08/27,10:30,2872.8,2875.6,2872.2,2875.6,10,2293
2010/08/27,10:31,2875.6,2883.0,2874.2,2883.0,29,2302
2010/08/27,10:32,2883.0,2883.0,2878.0,2878.0,27,2298
2010/08/27,10:33,2877.4,2878.8,2876.4,2878.8,33,2305
2010/08/27,10:34,2879.0,2879.0,2878.0,2879.0,40,2305
2010/08/27,10:35,2879.6,2880.4,2879.0,2879.0,61,2288
2010/08/27,10:36,2880.0,2881.6,2879.4,2880.8,16,2284
2010/08/27,10:37,2882.0,2882.0,2880.2,2880.8,39,2289
2010/08/27,10:38,2881.6,2884.2,2880.2,2884.0,26,2284
2010/08/27,10:39,2883.6,2883.6,2877.2,2877.2,24,2289
2010/08/27,10:40,2877.6,2878.4,2876.0,2876.0,28,2279
2010/08/27,10:41,2876.0,2876.4,2875.4,2875.4,5,2277
2010/08/27,10:42,2875.4,2876.2,2875.4,2876.2,7,2278
2010/08/27,10:43,2876.0,2876.4,2875.4,2876.4,8,2278
2010/08/27,10:44,2875.8,2875.8,2875.0,2875.2,7,2275
2010/08/27,10:45,2875.2,2875.2,2872.6,2872.6,12,2270
2010/08/27,10:46,2874.4,2875.2,2874.4,2875.2,5,2269
2010/08/27,10:47,2875.0,2875.0,2875.0,2875.0,20,2271
2010/08/27,10:48,2875.8,2875.8,2873.6,2874.2,5,2273
2010/08/27,10:49,2876.6,2876.8,2875.0,2876.8,5,2273
2010/08/27,10:50,2875.6,2875.6,2873.4,2873.4,6,2275
2010/08/27,10:51,2875.2,2875.2,2873.2,2873.4,6,2274
2010/08/27,10:52,2873.2,2873.6,2872.8,2872.8,63,2267
2010/08/27,10:53,2874.0,2874.8,2871.6,2871.6,8,2265
2010/08/27,10:54,2873.0,2874.8,2872.4,2874.8,7,2265
2010/08/27,10:55,2872.6,2873.0,2872.0,2873.0,10,2266
2010/08/27,10:56,2873.0,2873.4,2872.4,2872.4,6,2268
2010/08/27,10:57,2872.2,2873.0,2872.0,2873.0,5,2270
2010/08/27,10:58,2873.6,2873.8,2870.4,2871.0,11,2268
2010/08/27,10:59,2872.8,2873.6,2871.0,2873.6,19,2264
2010/08/27,11:00,2873.8,2874.4,2873.8,2874.4,6,2264
2010/08/27,11:01,2874.4,2874.4,2873.4,2873.4,3,2265
2010/08/27,11:02,2873.2,2874.8,2873.2,2874.8,3,2267
2010/08/27,11:03,2875.0,2877.4,2874.2,2877.0,27,2280
2010/08/27,11:04,2876.2,2879.6,2876.2,2879.6,9,2283
2010/08/27,11:05,2879.0,2886.2,2878.6,2886.2,117,2253
2010/08/27,11:06,2882.2,2882.8,2880.0,2881.0,106,2242
2010/08/27,11:07,2880.8,2880.8,2876.2,2876.2,76,2246
2010/08/27,11:08,2877.6,2877.6,2875.0,2876.8,15,2238
2010/08/27,11:09,2875.2,2876.8,2875.2,2876.6,10,2237
2010/08/27,11:10,2875.6,2875.8,2875.0,2875.0,6,2237
2010/08/27,11:11,2876.0,2876.0,2873.8,2874.0,17,2234
2010/08/27,11:12,2874.0,2875.2,2874.0,2875.2,3,2236
2010/08/27,11:13,2874.6,2874.6,2874.6,2874.6,2,2235
2010/08/27,11:14,2874.4,2874.4,2874.2,2874.2,3,2235
2010/08/27,11:15,2873.6,2875.6,2873.6,2875.6,51,2229
2010/08/27,11:16,2873.8,2873.8,2871.0,2871.0,9,2229
2010/08/27,11:17,2871.0,2871.0,2868.2,2868.2,22,2222
2010/08/27,11:18,2869.8,2869.8,2865.0,2865.6,36,2223
2010/08/27,11:19,2866.0,2867.0,2865.2,2865.2,16,2221
2010/08/27,11:20,2866.0,2866.0,2864.6,2864.6,31,2221
2010/08/27,11:21,2865.0,2865.0,2864.6,2865.0,22,2210
2010/08/27,11:22,2865.0,2866.4,2863.4,2864.8,19,2202
2010/08/27,11:23,2865.0,2865.0,2862.8,2862.8,93,2170
2010/08/27,11:24,2861.6,2862.0,2859.6,2861.8,27,2168
2010/08/27,11:25,2860.2,2863.0,2860.2,2863.0,34,2153
2010/08/27,11:26,2863.0,2864.8,2863.0,2863.4,15,2143
2010/08/27,11:27,2864.6,2864.6,2863.4,2863.8,8,2136
2010/08/27,11:28,2864.0,2864.0,2864.0,2864.0,4,2134
2010/08/27,11:29,2864.8,2865.6,2864.8,2864.8,6,2135
2010/08/27,13:00,2864.4,2868.2,2864.4,2867.6,60,2113
2010/08/27,13:01,2867.6,2868.0,2866.4,2866.4,105,2073
2010/08/27,13:02,2866.4,2866.4,2866.4,2866.4,1,2073
2010/08/27,13:03,2867.2,2867.2,2866.0,2866.2,4,2072
2010/08/27,13:04,2866.4,2866.8,2866.4,2866.8,3,2071
2010/08/27,13:05,2866.6,2867.0,2866.6,2867.0,2,2071
2010/08/27,13:06,2865.4,2865.6,2865.4,2865.6,5,2075
2010/08/27,13:07,2865.6,2867.8,2865.6,2867.2,14,2074
2010/08/27,13:08,2867.2,2868.4,2867.2,2868.4,3,2075
2010/08/27,13:09,2868.4,2869.0,2867.0,2868.8,10,2075
2010/08/27,13:10,2869.0,2869.0,2868.4,2868.6,8,2075
2010/08/27,13:11,2868.4,2868.8,2868.4,2868.8,4,2073
2010/08/27,13:12,2868.6,2870.4,2868.6,2870.4,11,2072
2010/08/27,13:13,2869.2,2869.6,2868.0,2868.0,7,2072
2010/08/27,13:14,2869.4,2869.6,2868.0,2869.4,6,2072
2010/08/27,13:15,2870.8,2871.0,2870.2,2870.2,5,2073
2010/08/27,13:16,2869.6,2869.6,2869.0,2869.0,5,2073
2010/08/27,13:17,2869.0,2869.0,2867.4,2867.4,4,2071
2010/08/27,13:18,2867.2,2867.2,2865.6,2865.6,8,2073
2010/08/27,13:19,2865.6,2867.2,2865.6,2867.2,4,2073
2010/08/27,13:20,2866.6,2867.4,2866.6,2867.4,6,2074
2010/08/27,13:21,2866.8,2866.8,2865.6,2865.6,10,2076
2010/08/27,13:22,2865.4,2866.6,2865.4,2866.6,5,2077
2010/08/27,13:23,2866.2,2866.2,2866.2,2866.2,1,2077
2010/08/27,13:24,2865.2,2865.8,2865.0,2865.0,7,2077
2010/08/27,13:25,2865.0,2865.8,2865.0,2865.0,5,2078
2010/08/27,13:26,2864.6,2864.8,2864.4,2864.6,6,2081
2010/08/27,13:27,2864.6,2865.2,2863.0,2863.2,5,2083
2010/08/27,13:28,2863.2,2864.2,2863.2,2863.2,7,2081
2010/08/27,13:29,2864.6,2864.6,2861.8,2861.8,8,2080
2010/08/27,13:30,2863.0,2865.2,2863.0,2865.2,6,2080
2010/08/27,13:31,2865.2,2866.8,2865.2,2866.0,4,2082
2010/08/27,13:32,2866.4,2867.6,2866.4,2867.4,6,2082
2010/08/27,13:33,2867.6,2868.2,2867.4,2868.0,11,2080
2010/08/27,13:34,2868.0,2868.0,2866.8,2866.8,4,2079
2010/08/27,13:35,2868.0,2869.0,2868.0,2869.0,5,2080
2010/08/27,13:36,2868.6,2869.0,2867.4,2868.4,5,2080
2010/08/27,13:37,2867.2,2868.2,2866.4,2868.2,7,2084
2010/08/27,13:38,2868.0,2868.2,2868.0,2868.2,3,2083
2010/08/27,13:39,2867.4,2867.4,2866.8,2866.8,3,2083
2010/08/27,13:40,2866.8,2868.2,2866.8,2868.2,14,2090
2010/08/27,13:41,2869.2,2869.8,2868.6,2869.8,6,2089
2010/08/27,13:42,2870.0,2870.2,2869.4,2870.2,5,2090
2010/08/27,13:43,2870.0,2870.8,2870.0,2870.8,4,2091
2010/08/27,13:44,2870.8,2870.8,2869.0,2869.0,6,2088
2010/08/27,13:45,2869.8,2871.0,2869.2,2871.0,86,2134
2010/08/27,13:46,2871.0,2873.0,2870.4,2873.0,37,2145
2010/08/27,13:47,2873.0,2873.4,2872.2,2872.2,5,2147
2010/08/27,13:48,2872.2,2874.8,2872.2,2873.4,23,2146
2010/08/27,13:49,2873.0,2873.0,2870.0,2870.0,15,2147
2010/08/27,13:50,2869.6,2870.6,2869.6,2869.8,5,2146
2010/08/27,13:51,2869.6,2869.6,2869.2,2869.2,9,2148
2010/08/27,13:52,2869.0,2870.0,2869.0,2869.2,3,2148
2010/08/27,13:53,2871.0,2871.0,2871.0,2871.0,5,2144
2010/08/27,13:54,2877.6,2877.8,2875.0,2875.8,9,2143
2010/08/27,13:55,2874.0,2874.0,2872.2,2874.0,3,2144
2010/08/27,13:56,2874.0,2874.8,2874.0,2874.8,3,2145
2010/08/27,13:57,2875.6,2876.4,2874.2,2876.4,7,2147
2010/08/27,13:58,2876.0,2876.0,2874.2,2876.0,15,2145
2010/08/27,13:59,2876.8,2876.8,2874.0,2875.4,9,2140
2010/08/27,14:00,2875.0,2875.0,2874.0,2874.2,6,2138
2010/08/27,14:01,2873.8,2875.4,2873.8,2874.0,7,2137
2010/08/27,14:02,2873.6,2873.6,2871.6,2871.6,15,2134
2010/08/27,14:03,2871.6,2872.2,2871.6,2872.2,8,2136
2010/08/27,14:04,2872.8,2874.2,2872.8,2874.2,3,2135
2010/08/27,14:05,2874.0,2874.8,2874.0,2874.8,6,2132
2010/08/27,14:06,2872.8,2875.6,2872.8,2875.6,12,2129
2010/08/27,14:07,2875.0,2875.0,2873.6,2874.0,33,2138
2010/08/27,14:08,2872.8,2880.2,2872.8,2880.2,73,2186
2010/08/27,14:09,2879.0,2881.4,2876.2,2879.6,36,2196
2010/08/27,14:10,2880.8,2883.6,2880.6,2883.4,44,2189
2010/08/27,14:11,2883.0,2883.0,2880.2,2883.0,48,2190
2010/08/27,14:12,2883.0,2883.8,2881.2,2881.2,80,2186
2010/08/27,14:13,2880.4,2881.2,2879.6,2879.6,14,2185
2010/08/27,14:14,2878.0,2879.0,2873.8,2874.2,46,2187
2010/08/27,14:15,2874.2,2874.2,2874.2,2874.2,2,2186
2010/08/27,14:16,2874.6,2875.2,2874.6,2875.2,7,2185
2010/08/27,14:17,2874.6,2876.0,2874.6,2876.0,6,2185
2010/08/27,14:18,2875.0,2878.6,2875.0,2877.0,13,2187
2010/08/27,14:19,2877.0,2877.2,2875.4,2875.4,9,2188
2010/08/27,14:20,2875.8,2875.8,2875.6,2875.6,4,2186
2010/08/27,14:21,2875.8,2875.8,2875.0,2875.6,5,2188
2010/08/27,14:22,2878.0,2881.0,2877.6,2880.4,19,2189
2010/08/27,14:23,2878.4,2882.4,2878.4,2880.2,72,2232
2010/08/27,14:24,2880.0,2881.2,2878.2,2881.2,35,2241
2010/08/27,14:25,2881.0,2881.8,2880.6,2881.2,6,2239
2010/08/27,14:26,2879.6,2881.4,2879.6,2881.4,7,2241
2010/08/27,14:27,2881.2,2882.0,2880.8,2881.2,23,2244
2010/08/27,14:28,2881.2,2881.2,2878.0,2878.0,26,2239
2010/08/27,14:29,2880.0,2880.4,2880.0,2880.4,3,2237
2010/08/27,14:30,2879.2,2882.8,2879.2,2882.2,44,2248
2010/08/27,14:31,2881.2,2881.2,2880.2,2880.2,4,2249
2010/08/27,14:32,2880.0,2881.2,2880.0,2880.2,6,2250
2010/08/27,14:33,2881.2,2882.2,2881.0,2881.8,16,2251
2010/08/27,14:34,2882.8,2884.0,2879.8,2879.8,23,2257
2010/08/27,14:35,2880.2,2880.2,2875.6,2877.0,25,2245
2010/08/27,14:36,2877.0,2879.0,2877.0,2877.0,21,2227
2010/08/27,14:37,2876.8,2878.4,2876.6,2877.6,60,2196
2010/08/27,14:38,2876.6,2878.0,2876.0,2876.0,20,2181
2010/08/27,14:39,2876.8,2876.8,2875.4,2875.4,3,2180
2010/08/27,14:40,2876.0,2876.6,2876.0,2876.6,3,2180
2010/08/27,14:41,2876.8,2877.4,2876.2,2877.2,23,2167
2010/08/27,14:42,2876.2,2876.8,2875.6,2876.8,7,2166
2010/08/27,14:43,2877.0,2878.8,2877.0,2877.6,23,2172
2010/08/27,14:44,2877.2,2877.2,2877.0,2877.0,4,2176
2010/08/27,14:45,2876.2,2876.6,2876.2,2876.4,5,2180
2010/08/27,14:46,2878.2,2879.6,2878.2,2878.6,16,2177
2010/08/27,14:47,2878.0,2878.6,2878.0,2878.4,13,2169
2010/08/27,14:48,2877.8,2877.8,2877.8,2877.8,1,2168
2010/08/27,14:49,2878.8,2880.0,2878.8,2879.0,88,2108
2010/08/27,14:50,2880.0,2880.2,2880.0,2880.0,33,2126
2010/08/27,14:51,2880.8,2880.8,2880.8,2880.8,2,2126
2010/08/27,14:52,2880.2,2880.2,2879.4,2880.0,11,2119
2010/08/27,14:53,2879.4,2879.4,2879.0,2879.0,13,2118
2010/08/27,14:54,2879.6,2880.0,2879.0,2879.8,5,2119
2010/08/27,14:55,2879.6,2880.2,2879.6,2879.6,5,2120
2010/08/27,14:56,2880.4,2880.4,2880.4,2880.4,11,2110
2010/08/27,14:57,2881.8,2882.0,2881.8,2881.8,7,2109
2010/08/27,14:58,2881.8,2881.8,2880.0,2880.0,3,2108
2010/08/27,15:00,2881.4,2881.4,2881.2,2881.2,5,2108
2010/08/27,15:01,2880.6,2882.0,2880.6,2881.4,32,2118
2010/08/27,15:02,2881.0,2883.0,2880.0,2880.0,121,2049
2010/08/27,15:03,2880.6,2881.8,2880.6,2880.8,23,2051
2010/08/27,15:04,2881.0,2881.6,2880.8,2881.0,9,2048
2010/08/27,15:06,2880.8,2882.0,2880.8,2882.0,34,2066
2010/08/27,15:07,2881.8,2882.0,2881.8,2882.0,3,2067
2010/08/27,15:08,2882.2,2882.2,2881.6,2881.6,16,2054
2010/08/27,15:09,2882.8,2883.6,2882.8,2883.6,7,2051
2010/08/27,15:10,2883.8,2883.8,2882.6,2882.6,14,2047
2010/08/27,15:11,2883.2,2884.0,2883.2,2884.0,9,2046
2010/08/27,15:12,2884.4,2884.8,2883.8,2883.8,3,2044
2010/08/27,15:13,2884.8,2885.8,2884.4,2885.6,11,2040
2010/08/27,15:14,2885.0,2885.4,2884.0,2885.2,17,2041
2010/08/30,09:14,2898.0,2898.0,2898.0,2898.0,3,2043
2010/08/30,09:15,2898.8,2905.6,2898.8,2904.0,100,2088
2010/08/30,09:16,2903.0,2912.2,2902.8,2912.2,41,2081
2010/08/30,09:17,2909.2,2909.2,2906.8,2907.0,53,2095
2010/08/30,09:18,2908.8,2909.6,2907.2,2909.0,19,2091
2010/08/30,09:19,2908.4,2908.4,2906.8,2906.8,9,2091
2010/08/30,09:20,2906.6,3167.0,2906.6,2909.4,31,2104
2010/08/30,09:21,2907.4,2919.0,2907.4,2909.6,66,2136
2010/08/30,09:22,2910.2,2913.6,2910.2,2911.8,15,2139
2010/08/30,09:23,2911.4,2918.0,2911.4,2915.0,35,2160
2010/08/30,09:24,2915.0,2915.6,2912.6,2912.8,19,2164
2010/08/30,09:25,2912.4,2912.4,2911.0,2911.2,7,2169
2010/08/30,09:26,2912.8,2915.0,2912.4,2912.4,10,2171
2010/08/30,09:27,2912.6,2916.8,2911.8,2915.8,31,2156
2010/08/30,09:28,2916.6,2918.4,2916.6,2916.6,34,2177
2010/08/30,09:29,2916.6,2918.0,2916.4,2916.4,21,2188
2010/08/30,09:30,2916.2,2917.2,2914.8,2915.0,28,2198
2010/08/30,09:31,2914.8,2914.8,2913.4,2913.4,9,2197
2010/08/30,09:32,2913.4,2914.2,2913.4,2914.0,4,2196
2010/08/30,09:33,2913.4,2915.6,2913.4,2913.6,14,2192
2010/08/30,09:34,2914.8,2914.8,2913.8,2913.8,9,2199
2010/08/30,09:35,2912.2,2912.2,2912.0,2912.0,58,2165
2010/08/30,09:36,2912.0,2913.8,2912.0,2913.8,7,2165
2010/08/30,09:37,2915.8,2920.6,2914.6,2919.0,41,2164
2010/08/30,09:38,2921.6,2921.6,2918.0,2918.4,12,2166
2010/08/30,09:39,2918.6,2918.6,2917.4,2917.4,5,2166
2010/08/30,09:40,2917.4,2918.0,2915.4,2915.4,14,2168
2010/08/30,09:41,2915.8,2915.8,2913.8,2914.8,12,2166
2010/08/30,09:42,2914.0,2915.8,2912.2,2912.4,18,2171
2010/08/30,09:43,2913.6,2913.8,2913.6,2913.8,4,2169
2010/08/30,09:44,2912.6,2914.0,2912.6,2912.8,6,2170
2010/08/30,09:46,2914.2,2914.2,2913.0,2913.0,19,2182
2010/08/30,09:47,2913.0,2913.8,2912.0,2913.2,13,2189
2010/08/30,09:48,2913.6,2914.8,2913.2,2914.8,16,2185
2010/08/30,09:49,2914.0,2916.4,2914.0,2915.4,22,2176
2010/08/30,09:50,2916.6,2918.6,2911.8,2912.4,45,2162
2010/08/30,09:51,2913.4,2913.4,2911.4,2912.0,25,2161
2010/08/30,09:52,2912.2,2912.2,2910.0,2910.0,62,2152
2010/08/30,09:53,2910.2,2911.4,2910.2,2910.2,12,2150
2010/08/30,09:54,2911.4,2913.8,2911.4,2913.8,7,2153
2010/08/30,09:55,2914.4,2916.4,2914.0,2916.4,36,2170
2010/08/30,09:56,2915.4,2915.4,2912.2,2913.6,16,2179
2010/08/30,09:57,2911.6,2912.4,2911.0,2911.2,6,2181
2010/08/30,09:58,2911.4,2911.4,2910.0,2910.4,11,2182
2010/08/30,09:59,2912.0,2912.0,2909.0,2909.2,17,2191
2010/08/30,10:00,2909.2,2910.4,2908.0,2909.2,21,2206
2010/08/30,10:01,2910.8,2912.0,2909.2,2910.2,17,2216
2010/08/30,10:02,2910.6,2911.6,2910.4,2910.4,23,2234
2010/08/30,10:03,2912.4,2913.2,2910.6,2912.2,129,2339
2010/08/30,10:04,2912.8,2914.4,2910.6,2914.4,34,2351
2010/08/30,10:05,2914.6,2914.6,2913.0,2913.6,12,2361
2010/08/30,10:06,2914.2,2915.0,2913.2,2914.0,21,2372
2010/08/30,10:07,2914.0,2915.8,2914.0,2914.2,21,2381
2010/08/30,10:08,2914.2,2915.6,2913.2,2915.6,53,2392
2010/08/30,10:09,2915.6,2917.0,2914.2,2914.8,69,2432
2010/08/30,10:10,2915.4,2915.6,2912.8,2914.6,17,2437
2010/08/30,10:11,2915.8,2915.8,2914.0,2914.0,14,2441
2010/08/30,10:12,2913.8,2916.4,2913.8,2913.8,29,2461
2010/08/30,10:13,2915.0,2918.8,2915.0,2917.8,25,2477
2010/08/30,10:14,2917.2,2919.4,2917.0,2918.8,24,2484
2010/08/30,10:15,2918.8,2921.8,2918.0,2921.0,25,2494
2010/08/30,10:16,2921.8,2922.0,2919.2,2919.2,16,2496
2010/08/30,10:17,2919.6,2920.8,2919.6,2920.0,10,2498
2010/08/30,10:18,2920.8,2920.8,2920.0,2920.0,16,2504
2010/08/30,10:19,2920.0,2920.0,2919.8,2920.0,74,2571
2010/08/30,10:20,2920.0,2921.2,2919.6,2919.6,44,2600
2010/08/30,10:21,2921.2,2921.2,2919.6,2919.6,15,2597
2010/08/30,10:22,2920.0,2920.0,2916.2,2916.2,15,2590
2010/08/30,10:23,2917.6,2919.0,2917.6,2919.0,3,2589
2010/08/30,10:24,2918.8,2923.8,2918.8,2923.2,32,2601
2010/08/30,10:25,2923.4,2925.6,2920.2,2924.8,47,2623
2010/08/30,10:26,2923.4,2924.8,2922.4,2924.8,103,2672
2010/08/30,10:27,2924.4,2926.0,2923.4,2926.0,78,2685
2010/08/30,10:28,2926.8,2928.0,2923.4,2925.0,24,2686
2010/08/30,10:29,2927.0,2927.2,2927.0,2927.2,4,2684
2010/08/30,10:30,2927.8,2929.8,2927.8,2929.8,36,2687
2010/08/30,10:31,2929.8,2930.0,2927.0,2928.4,34,2690
2010/08/30,10:32,2928.0,2928.0,2926.0,2926.2,9,2688
2010/08/30,10:33,2926.2,2932.0,2926.0,2931.2,18,2692
2010/08/30,10:34,2931.2,2933.0,2929.0,2929.2,28,2693
2010/08/30,10:35,2929.4,2929.4,2928.8,2929.0,4,2693
2010/08/30,10:36,2928.0,2928.0,2927.4,2927.8,4,2692
2010/08/30,10:37,2928.0,2931.0,2927.6,2931.0,37,2712
2010/08/30,10:38,2928.4,2928.4,2927.8,2927.8,26,2732
2010/08/30,10:39,2927.2,2929.2,2927.2,2928.0,89,2733
2010/08/30,10:40,2928.2,2930.8,2927.6,2929.8,28,2735
2010/08/30,10:41,2929.0,2933.0,2929.0,2932.0,22,2739
2010/08/30,10:42,2932.0,2937.4,2931.8,2936.0,40,2757
2010/08/30,10:43,2937.4,2940.0,2934.8,2939.8,40,2770
2010/08/30,10:44,2939.6,2943.4,2938.8,2943.4,29,2767
2010/08/30,10:45,2940.6,2942.0,2938.8,2940.2,13,2773
2010/08/30,10:46,2940.6,2940.6,2938.8,2939.8,16,2770
2010/08/30,10:47,2940.0,2940.6,2938.4,2938.4,16,2770
2010/08/30,10:48,2939.2,2939.2,2938.6,2938.6,7,2771
2010/08/30,10:49,2938.2,2941.0,2938.2,2940.2,23,2774
2010/08/30,10:50,2941.2,2942.4,2939.4,2939.4,23,2775
2010/08/30,10:51,2940.4,2941.6,2940.0,2941.6,20,2774
2010/08/30,10:52,2942.0,2947.4,2941.2,2946.4,26,2779
2010/08/30,10:53,2945.2,2945.2,2939.6,2940.4,71,2800
2010/08/30,10:54,2940.6,2942.2,2940.0,2941.2,53,2792
2010/08/30,10:55,2941.4,2942.4,2941.0,2941.2,63,2808
2010/08/30,10:56,2941.6,2943.2,2940.2,2941.2,47,2817
2010/08/30,10:57,2940.6,2942.4,2940.6,2942.2,23,2823
2010/08/30,10:58,2942.8,2945.2,2942.2,2944.6,39,2823
2010/08/30,10:59,2945.0,2948.4,2943.8,2948.0,61,2830
2010/08/30,11:00,2946.2,2949.8,2941.0,2943.4,25,2836
2010/08/30,11:01,2941.6,2944.0,2941.6,2942.6,8,2836
2010/08/30,11:02,2943.2,2952.2,2943.2,2951.4,32,2849
2010/08/30,11:03,2951.4,2951.4,2947.0,2948.4,17,2850
2010/08/30,11:04,2949.4,2951.0,2945.8,2948.4,16,2855
2010/08/30,11:05,2947.4,2947.4,2942.6,2942.6,12,2853
2010/08/30,11:06,2944.8,2945.0,2944.4,2945.0,9,2851
2010/08/30,11:07,2944.8,2944.8,2943.4,2943.4,5,2850
2010/08/30,11:08,2943.4,2946.0,2943.4,2946.0,45,2856
2010/08/30,11:09,2945.4,2950.0,2945.4,2945.6,36,2868
2010/08/30,11:10,2948.2,2951.4,2947.8,2951.2,26,2865
2010/08/30,11:11,2949.4,2955.4,2949.4,2953.6,33,2883
2010/08/30,11:12,2954.2,2954.6,2951.6,2951.6,32,2886
2010/08/30,11:13,2950.6,2950.6,2947.2,2950.4,11,2886
2010/08/30,11:14,2949.4,2952.0,2949.4,2950.8,40,2887
2010/08/30,11:15,2950.8,2955.6,2950.8,2955.2,19,2887
2010/08/30,11:16,2955.2,2958.0,2953.0,2956.6,70,2877
2010/08/30,11:17,2955.8,2956.8,2955.8,2956.8,25,2884
2010/08/30,11:18,2956.8,2958.6,2955.8,2958.6,14,2890
2010/08/30,11:19,2958.0,2958.0,2952.4,2953.6,44,2868
2010/08/30,11:20,2953.8,2954.6,2952.2,2952.8,26,2865
2010/08/30,11:21,2954.6,2954.6,2952.8,2952.8,7,2864
2010/08/30,11:22,2950.2,2953.2,2950.2,2950.2,40,2876
2010/08/30,11:23,2950.0,2952.0,2948.8,2950.2,22,2876
2010/08/30,11:24,2950.2,2953.8,2950.0,2950.0,48,2856
2010/08/30,11:25,2952.4,2952.4,2950.2,2951.8,21,2846
2010/08/30,11:26,2951.2,2953.0,2951.2,2951.2,13,2843
2010/08/30,11:27,2950.6,2951.2,2950.0,2950.0,10,2846
2010/08/30,11:28,2950.6,2951.2,2949.6,2949.6,11,2844
2010/08/30,11:29,2951.2,2952.4,2950.6,2952.0,40,2849
2010/08/30,13:00,2950.2,2950.2,2947.0,2947.0,15,2846
2010/08/30,13:01,2947.0,2948.8,2946.6,2946.6,23,2841
2010/08/30,13:02,2947.2,2947.2,2945.8,2945.8,9,2839
2010/08/30,13:03,2946.8,2946.8,2946.8,2946.8,1,2840
2010/08/30,13:04,2946.2,2946.4,2946.2,2946.4,2,2838
2010/08/30,13:05,2948.4,2948.4,2946.4,2947.4,7,2841
2010/08/30,13:06,2948.8,2948.8,2947.6,2947.6,7,2841
2010/08/30,13:07,2947.6,2947.8,2947.6,2947.8,3,2841
2010/08/30,13:08,2947.0,2947.0,2944.4,2944.4,15,2841
2010/08/30,13:09,2944.2,2944.2,2944.0,2944.0,5,2844
2010/08/30,13:10,2944.8,2945.0,2943.8,2945.0,7,2848
2010/08/30,13:11,2944.0,2944.6,2942.2,2943.0,53,2836
2010/08/30,13:12,2942.4,2943.8,2942.4,2943.8,11,2831
2010/08/30,13:13,2944.4,2946.6,2944.4,2946.6,13,2828
2010/08/30,13:14,2947.0,2947.0,2946.0,2946.0,28,2828
2010/08/30,13:15,2946.4,2947.4,2945.2,2947.4,11,2822
2010/08/30,13:16,2944.2,2945.2,2944.2,2945.2,4,2826
2010/08/30,13:17,2946.0,2947.4,2946.0,2946.4,5,2829
2010/08/30,13:18,2947.2,2947.8,2946.8,2946.8,10,2828
2010/08/30,13:19,2946.8,2947.6,2946.8,2947.6,5,2828
2010/08/30,13:20,2947.8,2952.2,2947.8,2950.4,59,2831
2010/08/30,13:21,2951.2,2951.2,2948.6,2951.0,13,2835
2010/08/30,13:22,2949.6,2950.4,2949.6,2950.0,8,2834
2010/08/30,13:23,2950.0,2951.2,2950.0,2951.0,16,2839
2010/08/30,13:24,2950.8,2951.4,2950.0,2951.2,13,2838
2010/08/30,13:25,2951.0,2953.0,2951.0,2952.8,17,2836
2010/08/30,13:26,2952.8,2952.8,2951.0,2951.0,8,2836
2010/08/30,13:27,2951.0,2951.0,2950.2,2950.2,5,2834
2010/08/30,13:28,2950.0,2951.8,2950.0,2950.4,20,2835
2010/08/30,13:29,2950.2,2950.6,2950.0,2950.6,17,2835
2010/08/30,13:30,2950.2,2951.6,2950.0,2951.6,9,2831
2010/08/30,13:31,2951.8,2954.2,2951.8,2952.0,9,2833
2010/08/30,13:32,2953.4,2956.6,2953.4,2955.8,11,2834
2010/08/30,13:33,2955.6,2956.8,2953.8,2953.8,12,2837
2010/08/30,13:34,2954.4,2955.2,2952.2,2953.4,6,2839
2010/08/30,13:35,2953.2,2954.0,2952.4,2953.0,15,2841
2010/08/30,13:36,2953.2,2953.2,2951.6,2951.6,8,2841
2010/08/30,13:37,2953.8,2955.0,2953.8,2955.0,3,2842
2010/08/30,13:38,2953.0,2953.0,2950.2,2950.2,12,2838
2010/08/30,13:39,2950.0,2950.0,2945.0,2945.0,60,2842
2010/08/30,13:40,2946.4,2946.4,2945.2,2945.2,10,2843
2010/08/30,13:41,2945.2,2947.2,2945.2,2947.2,7,2845
2010/08/30,13:42,2945.2,2948.0,2945.2,2946.4,8,2844
2010/08/30,13:43,2946.4,2946.4,2945.0,2945.0,5,2844
2010/08/30,13:44,2946.0,2946.0,2946.0,2946.0,1,2845
2010/08/30,13:45,2946.2,2946.2,2946.0,2946.0,2,2843
2010/08/30,13:46,2945.6,2945.6,2943.8,2943.8,5,2842
2010/08/30,13:47,2946.6,2949.4,2946.6,2949.4,3,2841
2010/08/30,13:48,2947.0,2949.6,2947.0,2947.8,4,2841
2010/08/30,13:49,2947.8,2950.0,2947.8,2948.0,11,2839
2010/08/30,13:50,2947.0,2947.0,2944.4,2945.2,20,2849
2010/08/30,13:51,2944.6,2945.4,2943.8,2945.4,17,2838
2010/08/30,13:52,2946.2,2948.0,2946.2,2946.4,18,2840
2010/08/30,13:53,2946.8,2946.8,2945.6,2946.6,4,2841
2010/08/30,13:54,2946.6,2946.6,2946.6,2946.6,1,2842
2010/08/30,13:55,2947.6,2947.6,2946.6,2946.6,4,2840
2010/08/30,13:56,2947.2,2947.2,2947.2,2947.2,1,2840
2010/08/30,13:57,2948.0,2948.0,2947.4,2947.4,20,2838
2010/08/30,13:58,2947.4,2948.6,2947.4,2948.6,5,2841
2010/08/30,13:59,2948.8,2948.8,2947.8,2947.8,8,2842
2010/08/30,14:00,2948.0,2948.0,2945.4,2945.4,18,2826
2010/08/30,14:01,2945.4,2945.6,2944.4,2944.4,13,2818
2010/08/30,14:02,2945.4,2945.4,2945.2,2945.2,9,2820
2010/08/30,14:03,2945.0,2945.0,2937.6,2939.0,37,2814
2010/08/30,14:04,2937.2,2937.4,2935.0,2935.0,20,2818
2010/08/30,14:05,2935.6,2937.4,2935.6,2937.4,18,2814
2010/08/30,14:06,2937.4,2937.4,2936.2,2937.0,11,2819
2010/08/30,14:07,2937.0,2937.0,2936.0,2936.8,5,2819
2010/08/30,14:08,2937.0,2937.6,2937.0,2937.6,4,2818
2010/08/30,14:09,2937.2,2937.6,2936.2,2937.6,13,2816
2010/08/30,14:10,2937.6,2937.6,2936.2,2936.2,10,2816
2010/08/30,14:11,2936.0,2936.6,2934.6,2936.6,15,2812
2010/08/30,14:12,2937.6,2937.6,2936.2,2936.2,11,2811
2010/08/30,14:13,2937.0,2937.0,2936.0,2936.0,6,2809
2010/08/30,14:14,2937.0,2937.6,2936.0,2937.6,10,2805
2010/08/30,14:15,2937.2,2937.2,2937.2,2937.2,5,2807
2010/08/30,14:16,2936.6,2937.0,2933.2,2936.0,19,2807
2010/08/30,14:18,2938.0,2938.2,2938.0,2938.2,11,2799
2010/08/30,14:19,2939.0,2939.2,2937.6,2938.2,25,2789
2010/08/30,14:20,2935.2,2937.0,2934.2,2934.2,17,2786
2010/08/30,14:21,2934.4,2938.0,2934.4,2938.0,19,2772
2010/08/30,14:22,2938.0,2941.4,2938.0,2941.4,27,2765
2010/08/30,14:23,2942.0,2942.0,2939.4,2939.4,30,2762
2010/08/30,14:24,2939.4,2939.8,2939.0,2939.0,33,2752
2010/08/30,14:25,2939.0,2940.4,2939.0,2940.4,10,2752
2010/08/30,14:26,2940.2,2940.2,2939.2,2939.2,6,2754
2010/08/30,14:28,2939.2,2941.0,2939.2,2941.0,6,2755
2010/08/30,14:29,2941.6,2941.6,2940.6,2940.6,3,2757
2010/08/30,14:30,2940.6,2940.6,2939.8,2939.8,3,2756
2010/08/30,14:31,2939.0,2939.0,2937.8,2937.8,23,2751
2010/08/30,14:32,2936.6,2936.6,2935.6,2936.0,5,2749
2010/08/30,14:33,2935.6,2937.2,2935.0,2937.2,5,2748
2010/08/30,14:34,2936.0,2936.8,2934.8,2936.0,6,2747
2010/08/30,14:35,2936.0,2936.0,2933.8,2933.8,6,2748
2010/08/30,14:36,2934.0,2935.2,2934.0,2935.2,4,2747
2010/08/30,14:37,2934.6,2935.6,2934.6,2935.0,7,2751
2010/08/30,14:38,2935.0,2937.0,2935.0,2936.6,5,2749
2010/08/30,14:39,2937.6,2938.0,2937.6,2938.0,3,2752
2010/08/30,14:40,2939.0,2941.0,2938.6,2940.8,17,2748
2010/08/30,14:41,2941.0,2941.0,2939.8,2940.4,10,2750
2010/08/30,14:42,2940.6,2940.8,2940.6,2940.8,3,2748
2010/08/30,14:43,2940.0,2940.2,2939.4,2939.4,12,2743
2010/08/30,14:44,2940.4,2940.6,2938.2,2938.2,6,2741
2010/08/30,14:45,2940.8,2940.8,2940.4,2940.6,5,2741
2010/08/30,14:46,2940.8,2944.0,2940.8,2943.4,9,2743
2010/08/30,14:47,2942.2,2942.2,2941.6,2941.6,7,2745
2010/08/30,14:48,2943.6,2943.6,2943.2,2943.2,3,2746
2010/08/30,14:49,2943.2,2943.2,2942.2,2942.8,6,2745
2010/08/30,14:50,2942.8,2943.0,2942.8,2943.0,6,2739
2010/08/30,14:51,2943.6,2943.6,2942.0,2942.0,5,2740
2010/08/30,14:52,2943.0,2943.0,2941.6,2942.0,3,2741
2010/08/30,14:53,2942.4,2942.4,2942.2,2942.2,3,2741
2010/08/30,14:54,2942.4,2943.2,2942.4,2943.2,3,2743
2010/08/30,14:55,2943.2,2943.2,2943.2,2943.2,1,2743
2010/08/30,14:56,2944.2,2945.0,2944.0,2945.0,11,2747
2010/08/30,14:57,2945.8,2946.0,2945.0,2945.0,4,2749
2010/08/30,14:59,2945.0,2945.4,2943.0,2943.2,10,2747
2010/08/30,15:00,2944.4,2944.4,2944.4,2944.4,3,2745
2010/08/30,15:02,2944.2,2944.6,2943.2,2944.6,8,2742
2010/08/30,15:03,2944.6,2944.6,2943.4,2943.4,3,2742
2010/08/30,15:04,2944.4,2944.8,2944.4,2944.8,4,2741
2010/08/30,15:05,2944.8,2945.2,2944.8,2945.2,7,2741
2010/08/30,15:06,2945.2,2945.2,2945.0,2945.2,6,2745
2010/08/30,15:07,2945.0,2945.0,2944.0,2944.0,28,2742
2010/08/30,15:08,2943.0,2943.0,2943.0,2943.0,6,2736
2010/08/30,15:09,2942.8,2943.0,2942.6,2943.0,7,2737
2010/08/30,15:10,2943.0,2943.0,2942.0,2942.0,15,2724
2010/08/30,15:11,2941.4,2941.6,2941.4,2941.4,7,2724
2010/08/30,15:12,2941.0,2941.0,2939.6,2940.6,93,2721
2010/08/30,15:13,2940.6,2941.0,2940.6,2941.0,6,2721
2010/08/30,15:14,2941.0,2941.2,2940.4,2941.2,15,2716
